2000
1.565 1.303 0.0
1.585 -1.009 1.0
1.426 -0.711 1.0
1.476 -0.601 1.0
1.261 -0.361 1.0
0.154 0.599 0.0
0.198 -0.407 1.0
-0.687 0.687 1.0
1.561 1.174 0.0
-1.716 -1.167 0.0
-0.985 -0.182 0.0
-0.923 0.8 1.0
-1.444 1.819 1.0
-1.292 -0.473 0.0
0.858 -1.103 1.0
0.76 0.748 0.0
0.564 -0.563 1.0
-1.579 -0.781 0.0
1.352 1.827 0.0
1.414 0.882 0.0
-0.888 -0.694 0.0
0.071 1.719 0.0
-1.151 1.386 1.0
0.455 -0.644 1.0
-1.163 0.008 1.0
-1.849 0.759 1.0
1.51 -0.597 1.0
1.497 1.935 0.0
-1.05 -1.139 0.0
0.124 1.437 0.0
-1.202 -0.793 0.0
1.124 -1.363 1.0
-0.28 -1.363 0.0
-1.467 -1.58 0.0
-0.676 -0.438 0.0
-1.948 -0.88 0.0
-0.821 0.288 1.0
-0.742 0.732 1.0
-2.019 -0.8 0.0
0.833 1.939 0.0
1.317 0.769 0.0
-0.898 0.932 1.0
1.479 -1.06 1.0
-1.866 0.459 1.0
1.125 -1.273 1.0
-1.028 -1.132 0.0
1.282 -0.456 1.0
-0.831 1.213 1.0
-1.265 -1.899 0.0
-0.211 0.965 1.0
-1.172 1.323 1.0
1.191 0.144 0.0
0.204 -0.559 1.0
1.467 -1.571 1.0
-1.489 1.105 1.0
0.813 -1.462 1.0
-1.715 0.807 1.0
-1.188 1.472 1.0
-0.381 -1.752 0.0
-0.795 -0.983 0.0
0.54 1.355 0.0
1.646 1.66 0.0
-0.483 1.212 1.0
1.134 -0.508 1.0
-1.045 1.797 1.0
-1.163 0.113 1.0
-1.852 1.922 1.0
0.997 0.43 0.0
1.114 0.619 0.0
-1.014 -1.331 0.0
-1.404 -1.354 0.0
0.347 -1.586 1.0
0.226 -0.046 0.0
-1.207 1.307 1.0
0.839 -1.346 1.0
-0.38 0.614 1.0
-1.223 1.095 1.0
0.94 -0.55 1.0
1.905 -1.285 1.0
-0.179 1.585 0.0
1.689 1.059 0.0
-1.339 1.294 1.0
1.268 -0.782 1.0
-0.374 1.025 1.0
-1.383 1.802 1.0
0.191 0.805 0.0
0.804 0.737 0.0
1.237 1.204 0.0
-2.003 -1.697 0.0
0.434 -0.622 1.0
0.544 -0.546 1.0
-0.484 -1.924 0.0
1.0 1.101 0.0
-0.1 0.836 1.0
0.786 0.43 0.0
-1.546 -0.718 0.0
1.073 0.805 0.0
1.711 -1.18 1.0
0.093 -0.46 1.0
-0.721 1.634 1.0
0.537 -0.876 1.0
-1.132 -0.937 0.0
-1.279 -1.184 0.0
2.383 1.271 0.0
-2.013 -1.901 0.0
0.493 -1.525 1.0
0.593 0.744 0.0
1.632 1.461 0.0
1.343 -1.847 1.0
0.201 -0.739 1.0
-1.674 1.392 1.0
-1.331 -0.668 0.0
0.742 -0.733 1.0
1.784 -1.123 1.0
-0.705 0.569 1.0
0.503 -0.865 1.0
1.303 1.082 0.0
-0.238 1.062 1.0
-0.964 -0.74 0.0
1.65 -1.666 1.0
1.459 1.069 0.0
-1.046 -0.002 0.0
1.443 -1.038 1.0
0.689 -1.999 1.0
-0.796 1.093 1.0
1.876 -0.746 1.0
-1.387 0.964 1.0
0.694 -0.489 1.0
1.479 0.755 0.0
-1.18 -0.912 0.0
-0.322 -1.292 0.0
0.057 1.402 0.0
-1.044 -1.666 0.0
0.47 1.548 0.0
-0.925 -1.599 0.0
-0.719 1.188 1.0
-1.386 -0.46 0.0
-0.449 -0.601 0.0
0.902 0.635 0.0
1.833 0.141 1.0
1.34 -0.329 1.0
-1.36 -1.127 0.0
-0.098 1.694 1.0
-1.007 -0.592 0.0
1.228 0.319 1.0
-0.459 -0.576 0.0
1.531 1.274 0.0
0.397 -1.049 1.0
1.011 0.955 0.0
1.074 -0.712 1.0
1.097 -1.282 1.0
-0.64 1.256 1.0
-0.717 0.854 1.0
-0.588 1.648 1.0
1.304 -1.264 1.0
0.521 0.647 0.0
-1.826 1.489 1.0
-0.571 -0.782 0.0
0.575 -0.81 1.0
-1.16 1.824 1.0
1.194 0.967 0.0
-1.254 -0.838 0.0
-0.361 -2.222 0.0
-1.624 1.154 1.0
0.439 0.727 1.0
-0.532 1.704 1.0
0.762 1.485 0.0
-0.64 0.575 1.0
-1.016 0.723 1.0
0.694 0.1 1.0
-1.494 1.333 1.0
0.74 1.473 0.0
1.002 1.332 0.0
-0.428 -1.074 0.0
-0.678 -1.278 0.0
-0.87 -1.776 0.0
-1.544 0.622 1.0
1.393 -1.636 1.0
0.608 -0.746 1.0
-1.051 -0.717 0.0
1.095 0.755 0.0
1.011 1.185 0.0
1.365 1.402 0.0
0.607 -1.233 1.0
0.879 -0.763 1.0
1.878 -2.124 1.0
1.563 -0.112 0.0
-1.054 1.591 1.0
-0.734 1.237 1.0
-1.537 0.345 1.0
1.067 -1.139 1.0
0.844 -0.615 1.0
0.053 1.328 0.0
0.324 -1.084 1.0
1.217 0.008 0.0
0.961 1.377 0.0
-1.178 -0.259 1.0
-2.065 0.362 1.0
1.153 -0.568 1.0
1.823 -1.287 1.0
0.533 0.78 0.0
-1.533 -1.221 0.0
1.273 -1.352 1.0
0.624 -1.22 1.0
1.684 -0.79 1.0
-1.29 0.669 1.0
-0.444 0.49 1.0
-0.612 -0.263 0.0
-2.128 -0.245 0.0
0.747 -0.697 1.0
0.745 -0.902 1.0
-1.259 -0.761 0.0
-1.179 -0.193 0.0
1.268 0.248 0.0
0.683 0.84 0.0
-0.939 -0.922 0.0
1.506 -0.999 1.0
-1.28 0.825 1.0
-1.282 0.442 1.0
1.853 1.259 0.0
0.539 -0.872 1.0
-0.77 1.224 1.0
0.725 1.14 0.0
-0.577 1.264 1.0
-1.318 0.719 1.0
1.182 -0.761 1.0
1.419 0.957 0.0
1.123 -1.478 1.0
1.012 -0.171 1.0
-1.514 1.466 1.0
-1.16 -1.322 0.0
0.749 1.036 0.0
-1.892 -0.175 1.0
-1.094 1.358 1.0
-0.244 -1.377 0.0
-0.598 -1.046 1.0
-0.624 -1.602 0.0
-0.904 0.879 1.0
1.266 -0.416 1.0
-1.76 -1.288 0.0
0.906 -1.78 1.0
-0.985 -2.165 0.0
-0.632 0.952 1.0
0.355 0.789 0.0
1.164 0.725 0.0
-0.765 -0.831 0.0
-0.832 -0.827 0.0
0.752 -1.277 1.0
-1.62 -0.704 0.0
0.918 -0.873 1.0
-0.132 1.271 1.0
1.055 0.944 0.0
1.203 1.005 0.0
1.56 0.556 0.0
1.49 -0.647 1.0
0.717 1.545 0.0
-1.148 1.002 1.0
-1.893 -0.733 0.0
0.077 -0.114 0.0
-1.565 1.89 1.0
-0.909 -1.115 0.0
-0.99 -1.068 0.0
1.17 -1.221 1.0
-0.511 -0.663 0.0
-1.548 -1.301 0.0
1.362 1.299 0.0
1.201 -1.163 1.0
-0.93 0.132 1.0
1.357 -0.506 1.0
-0.854 1.248 1.0
1.778 0.802 0.0
-1.524 -1.069 0.0
-0.213 0.575 1.0
1.601 -1.851 1.0
-0.679 -0.665 0.0
-2.051 -0.597 0.0
-0.517 -0.468 0.0
-2.464 -1.78 0.0
0.874 -0.671 1.0
-0.168 1.254 1.0
0.678 0.872 0.0
1.22 1.59 0.0
-0.974 0.998 1.0
-1.179 0.643 1.0
1.217 -0.958 1.0
-0.122 -0.228 1.0
-0.824 1.525 1.0
-0.739 -0.695 0.0
1.364 0.572 0.0
0.567 0.474 0.0
-1.03 1.308 1.0
-2.08 1.114 1.0
1.694 -0.697 1.0
0.293 -1.119 1.0
1.14 1.75 0.0
1.279 -0.587 1.0
0.842 1.02 0.0
-0.622 1.226 1.0
0.949 1.225 0.0
-0.887 -1.027 0.0
1.413 1.13 0.0
-0.438 -0.634 0.0
-0.01 -1.22 0.0
1.708 1.234 0.0
1.272 1.508 0.0
1.159 -1.093 1.0
-1.667 -1.212 0.0
1.006 0.818 0.0
-0.855 1.131 1.0
-0.327 0.556 1.0
1.518 -0.66 1.0
1.261 1.767 0.0
-1.293 1.36 1.0
-1.051 -1.14 0.0
2.067 0.636 0.0
0.997 -0.715 1.0
0.121 -0.264 0.0
2.239 0.044 1.0
0.655 1.042 0.0
1.295 0.824 0.0
-1.242 -1.422 0.0
0.349 1.078 0.0
-0.388 1.56 1.0
0.568 -0.632 1.0
1.091 1.003 0.0
1.762 1.881 0.0
-0.345 -0.921 1.0
0.77 1.967 0.0
1.143 -1.336 1.0
1.239 -1.49 1.0
-0.198 -0.591 0.0
1.259 -1.787 1.0
-1.018 0.878 1.0
0.894 1.153 0.0
-0.064 1.84 1.0
-0.837 1.468 1.0
-0.453 0.791 1.0
1.039 1.466 0.0
-0.46 1.516 1.0
0.776 -0.578 1.0
-1.162 0.469 1.0
-0.561 -0.709 0.0
0.948 -1.248 1.0
0.598 1.182 0.0
-1.765 0.89 1.0
-0.396 0.977 1.0
0.237 -0.846 1.0
1.066 -1.023 1.0
1.917 1.275 0.0
-0.839 0.949 1.0
1.377 -1.97 1.0
1.48 1.387 0.0
0.56 0.303 0.0
1.167 -1.044 1.0
-1.503 0.124 1.0
1.28 -0.054 1.0
-0.632 -1.343 0.0
-1.535 1.241 1.0
0.057 -1.502 1.0
0.367 1.054 0.0
-0.037 -0.691 1.0
-0.955 -0.533 0.0
-0.091 0.868 1.0
1.677 1.138 0.0
-1.534 0.362 1.0
0.679 1.095 0.0
1.092 0.228 1.0
0.536 -1.381 1.0
-0.714 0.701 1.0
-0.66 1.106 1.0
-1.088 1.002 1.0
1.307 -0.725 1.0
0.231 1.812 0.0
1.439 -1.551 1.0
0.596 -0.954 1.0
1.236 -1.52 1.0
-0.342 -0.861 0.0
0.549 -0.511 1.0
-1.051 1.096 1.0
1.137 -0.433 1.0
-1.207 1.143 1.0
0.785 -1.051 1.0
-1.172 0.341 1.0
0.495 -1.01 1.0
0.17 1.127 0.0
-0.724 0.985 1.0
1.473 1.363 0.0
-0.073 1.364 1.0
1.653 -0.528 1.0
0.905 0.96 0.0
-1.858 -1.221 0.0
1.339 -0.915 1.0
-0.993 -1.14 0.0
-1.047 0.616 1.0
-0.223 1.328 1.0
0.52 -0.136 1.0
-0.774 0.736 1.0
-0.498 -0.338 0.0
-1.204 0.13 0.0
1.272 -0.469 1.0
0.971 -0.898 1.0
0.333 -0.675 1.0
-0.86 -0.264 0.0
-0.999 0.741 1.0
0.648 1.594 0.0
-1.933 -0.57 0.0
0.315 -1.008 1.0
0.472 1.096 0.0
-0.518 -0.858 0.0
1.425 -0.96 1.0
0.967 0.463 0.0
1.072 1.73 0.0
-1.929 1.456 1.0
0.031 2.154 1.0
0.753 0.768 0.0
-1.394 0.107 1.0
-0.929 -1.144 0.0
-1.109 -0.917 0.0
-0.431 0.284 1.0
-2.223 -1.448 0.0
-1.031 0.832 1.0
-1.301 1.705 1.0
-1.625 -0.458 0.0
1.239 -0.691 1.0
0.558 1.619 1.0
-0.708 1.344 1.0
0.546 1.54 0.0
-0.381 -1.316 0.0
0.283 0.442 1.0
0.479 -0.991 1.0
-0.546 0.375 1.0
1.055 -0.3 1.0
-1.188 -1.228 0.0
-1.231 0.951 1.0
-1.009 -0.355 0.0
-0.455 -1.107 0.0
0.873 -0.941 1.0
-1.911 0.005 1.0
1.319 1.199 0.0
0.421 -0.736 1.0
-0.923 1.618 1.0
-0.712 -0.206 0.0
0.602 -1.123 1.0
1.751 -1.199 1.0
-1.246 -1.186 0.0
1.507 -1.234 1.0
0.709 -1.47 1.0
1.528 -0.918 1.0
1.546 -0.393 1.0
2.035 -0.421 1.0
-0.701 -0.744 0.0
1.132 0.9 0.0
0.653 -1.521 1.0
0.988 -1.441 1.0
-1.448 1.122 1.0
0.356 0.838 0.0
-0.697 1.344 1.0
-0.647 0.476 1.0
1.125 0.231 1.0
1.524 -0.074 1.0
0.939 -1.299 1.0
-1.34 -0.779 0.0
-1.073 -1.093 0.0
0.748 0.606 0.0
1.255 1.344 0.0
0.976 0.322 1.0
-2.059 2.116 1.0
-0.243 -1.259 0.0
1.658 -0.629 1.0
0.721 1.441 0.0
0.301 1.11 0.0
-1.145 -1.921 0.0
-1.191 -0.834 0.0
-0.735 1.502 1.0
-1.01 -0.771 0.0
0.203 -0.521 1.0
1.124 -0.231 1.0
1.176 -0.44 1.0
0.536 0.604 0.0
0.905 1.083 0.0
0.94 0.07 0.0
1.412 -0.808 1.0
0.692 1.192 0.0
0.8 0.759 0.0
-0.457 0.604 1.0
-0.922 0.741 1.0
1.364 -0.16 1.0
-1.497 0.928 1.0
0.864 -0.965 1.0
-0.422 1.555 1.0
0.827 0.41 0.0
-0.784 -0.244 0.0
-0.193 0.829 1.0
1.07 -1.221 1.0
0.402 -0.599 1.0
-1.058 1.008 1.0
-1.138 0.193 1.0
-1.298 0.381 1.0
1.217 1.116 0.0
-1.12 -0.717 0.0
-0.804 -0.006 0.0
1.234 -0.39 1.0
-0.065 -1.678 0.0
1.154 -0.938 1.0
0.507 1.559 0.0
-1.348 -0.565 0.0
-1.604 0.341 1.0
-0.482 -1.163 0.0
1.022 0.646 0.0
-1.009 -0.981 0.0
0.687 -1.102 1.0
-0.143 0.034 0.0
-0.981 -1.616 0.0
1.284 -1.561 1.0
-1.422 -1.081 0.0
0.616 -1.388 1.0
0.445 -0.283 1.0
-1.197 1.004 1.0
-0.573 -0.606 0.0
1.571 0.648 0.0
1.508 -0.746 1.0
0.349 0.531 0.0
-1.183 -1.493 0.0
0.822 1.109 0.0
1.269 1.341 0.0
0.582 0.569 0.0
0.118 -1.244 1.0
-0.658 -1.199 0.0
0.811 1.442 0.0
-1.299 -1.152 0.0
-0.521 -1.327 0.0
-1.434 -1.48 0.0
-0.443 -1.869 0.0
-1.737 -0.322 0.0
-0.72 -0.928 0.0
-1.651 0.724 1.0
-1.167 1.266 1.0
1.042 0.987 0.0
-1.678 -1.13 0.0
0.163 0.063 1.0
-0.9 1.746 1.0
1.652 0.691 0.0
0.054 -1.326 0.0
-1.35 -1.382 0.0
0.601 1.475 0.0
-0.493 -1.112 0.0
1.172 -0.816 1.0
0.975 0.442 0.0
-0.964 -1.002 0.0
1.777 1.192 0.0
0.916 -0.3 1.0
-1.632 0.268 1.0
-1.252 0.387 1.0
1.626 -1.835 1.0
1.192 1.168 0.0
-0.401 1.309 1.0
0.685 0.143 0.0
-0.804 -0.566 0.0
-1.856 -1.113 0.0
-1.641 1.09 1.0
-1.244 0.585 1.0
-1.064 -0.691 0.0
-0.821 1.265 1.0
-1.156 -0.653 0.0
-0.87 -0.94 0.0
0.546 1.341 0.0
1.399 -1.291 1.0
1.4 1.553 0.0
1.023 0.195 0.0
-1.354 -1.622 0.0
1.698 -0.983 1.0
-1.181 1.301 1.0
1.269 0.347 0.0
-1.473 0.477 1.0
-0.486 0.894 1.0
1.092 -0.638 1.0
1.437 -0.865 1.0
0.063 1.265 0.0
0.964 -1.229 1.0
0.85 -1.331 1.0
-1.889 0.729 1.0
-0.35 -1.215 0.0
1.483 0.291 0.0
0.204 0.701 0.0
1.622 1.245 0.0
0.34 -1.531 1.0
0.582 0.561 0.0
1.732 0.557 0.0
-1.233 -2.168 0.0
-0.597 0.754 1.0
-0.621 1.145 1.0
0.059 -1.835 1.0
0.182 0.345 0.0
1.409 1.157 0.0
0.909 -1.059 1.0
1.673 2.325 0.0
-0.246 -1.582 0.0
0.808 -1.411 1.0
-0.828 0.819 1.0
-0.318 1.64 1.0
1.443 -1.14 1.0
0.591 1.55 0.0
1.442 0.781 0.0
0.1 0.833 0.0
1.323 0.291 0.0
-1.245 -0.611 0.0
0.992 1.874 0.0
0.456 0.75 0.0
-1.06 -0.656 0.0
1.759 -0.517 1.0
-1.091 -0.331 0.0
0.106 -1.137 1.0
1.499 -1.244 1.0
-0.618 -1.273 0.0
-0.929 1.333 1.0
0.2 -1.512 1.0
1.553 0.432 0.0
-0.861 1.579 1.0
0.329 -0.382 1.0
-1.199 0.525 1.0
-1.226 0.534 1.0
-1.865 -0.794 0.0
-0.749 2.129 1.0
-0.483 -1.295 0.0
-0.47 1.088 1.0
-0.638 0.647 1.0
1.162 1.993 0.0
0.779 1.463 0.0
0.163 0.127 1.0
1.019 1.474 0.0
-0.802 1.787 1.0
0.764 1.145 0.0
-1.133 -0.521 0.0
0.867 -0.818 1.0
1.42 0.65 0.0
-0.726 0.62 1.0
0.039 1.226 0.0
-0.517 0.922 1.0
-1.272 0.642 1.0
1.146 0.456 0.0
-1.748 -0.816 0.0
0.974 -0.214 1.0
-2.108 0.457 1.0
0.789 1.139 0.0
0.825 0.797 0.0
0.456 1.289 0.0
-1.242 1.058 1.0
1.019 -0.985 1.0
1.255 -1.581 1.0
-2.726 -1.578 0.0
-1.489 -0.961 0.0
-1.416 -1.449 0.0
1.123 1.177 0.0
-1.987 0.947 1.0
0.044 -1.255 1.0
-0.498 -0.788 0.0
-2.142 -0.87 0.0
1.268 -1.644 1.0
-1.654 0.978 1.0
-0.95 -1.0 0.0
-0.918 -0.941 0.0
1.175 1.108 0.0
0.189 -1.181 1.0
0.454 0.749 0.0
0.577 0.929 0.0
1.403 0.511 0.0
1.141 -1.009 1.0
-0.247 0.913 0.0
2.257 1.523 0.0
0.443 1.073 0.0
-1.157 0.792 1.0
0.047 0.265 0.0
2.49 -1.284 1.0
-0.235 -1.735 0.0
-0.2 1.617 1.0
-1.466 -0.71 0.0
-1.16 -1.413 0.0
-1.532 0.416 1.0
-0.522 0.964 1.0
1.678 1.303 0.0
0.945 1.081 0.0
1.154 0.439 0.0
-1.008 -0.544 0.0
0.338 -0.991 1.0
-0.967 1.573 1.0
1.548 0.592 0.0
0.62 1.487 0.0
0.915 -1.351 1.0
0.341 1.559 0.0
-1.188 0.235 1.0
1.457 -0.736 1.0
-0.344 2.084 1.0
-0.66 1.279 1.0
1.443 1.309 0.0
-1.322 0.613 1.0
1.316 -1.322 1.0
-0.912 -1.508 0.0
-0.67 1.873 1.0
2.092 -0.109 0.0
1.506 0.335 0.0
0.205 1.691 1.0
1.005 1.396 0.0
-0.494 1.378 1.0
-0.622 -0.977 0.0
-0.362 1.508 1.0
1.325 1.58 0.0
0.448 1.098 0.0
-1.142 -0.478 0.0
0.526 -0.98 1.0
1.157 -0.794 1.0
-0.837 -0.185 0.0
2.064 0.591 0.0
-1.132 0.368 1.0
-0.345 -0.289 0.0
-0.483 -0.082 0.0
1.562 -1.751 1.0
-1.43 1.583 1.0
-1.002 -0.401 0.0
-1.65 -1.136 0.0
1.36 -1.555 1.0
-1.457 -1.061 0.0
1.633 1.013 0.0
1.326 1.681 0.0
0.869 0.736 0.0
0.484 1.086 0.0
-1.598 1.315 1.0
-1.284 -1.632 0.0
-0.957 -0.088 0.0
0.094 1.178 1.0
0.987 1.584 0.0
-0.947 1.27 1.0
-1.547 0.673 1.0
1.102 0.974 0.0
-0.592 0.753 1.0
1.385 -0.393 1.0
-1.85 1.438 1.0
-0.088 -1.308 1.0
-1.311 -0.837 0.0
-0.86 0.144 0.0
-1.193 -1.464 0.0
-0.614 1.356 1.0
0.705 -0.413 1.0
1.15 -0.958 1.0
-0.355 -1.358 0.0
1.09 -0.796 1.0
0.243 0.688 0.0
-1.176 -0.733 0.0
-1.049 0.879 1.0
1.143 1.112 0.0
0.483 1.345 0.0
0.324 -1.285 1.0
1.015 1.795 0.0
-1.198 -1.092 0.0
0.93 -1.497 1.0
-1.936 -1.326 0.0
-0.54 -0.825 0.0
0.474 -0.861 1.0
0.792 1.18 0.0
1.77 1.236 0.0
1.148 -0.574 1.0
-1.305 -1.967 0.0
0.63 0.774 0.0
-0.663 1.204 1.0
1.418 0.56 0.0
-0.013 0.668 0.0
0.973 1.666 0.0
1.084 0.981 0.0
-1.228 1.166 1.0
-1.491 1.067 1.0
-1.547 -0.62 0.0
-1.021 1.17 1.0
-1.314 -0.664 0.0
-0.978 -1.177 0.0
-1.27 0.533 1.0
-1.021 -1.123 0.0
0.569 -1.741 1.0
-1.439 -1.07 0.0
-0.366 -0.892 1.0
0.673 0.4 0.0
-1.083 -1.048 0.0
1.607 -1.011 1.0
-1.32 -0.364 0.0
-1.572 0.74 1.0
0.478 -1.776 1.0
0.181 -0.147 0.0
0.692 -1.499 1.0
1.136 0.524 0.0
-0.12 1.391 0.0
-1.6 -0.754 0.0
-0.243 -1.418 0.0
2.13 1.435 0.0
0.952 1.227 0.0
2.389 1.563 0.0
-1.986 -1.49 0.0
0.296 0.735 0.0
1.275 1.435 0.0
1.463 1.267 0.0
-1.665 1.107 1.0
1.514 1.224 0.0
-0.382 0.384 1.0
0.997 1.442 0.0
-1.16 0.991 1.0
0.411 -0.444 1.0
-0.962 -1.141 0.0
1.801 1.278 0.0
0.846 -0.839 1.0
1.831 -1.444 1.0
-1.209 1.393 1.0
-1.146 -1.12 0.0
0.984 -0.806 1.0
1.106 -1.046 1.0
1.146 -0.719 1.0
-0.84 -0.914 0.0
-0.922 0.923 1.0
-1.306 -1.001 0.0
-1.786 0.499 1.0
0.063 -0.519 0.0
-0.808 -1.725 0.0
0.968 -1.223 1.0
-0.126 0.324 1.0
0.909 1.05 0.0
1.488 0.786 0.0
1.322 0.104 1.0
-1.246 -0.856 0.0
-1.991 -2.215 0.0
0.765 -1.056 1.0
0.813 -1.25 1.0
-0.504 1.104 1.0
-0.254 -1.917 0.0
-1.416 0.565 1.0
1.655 0.078 0.0
1.652 0.493 0.0
-0.932 1.083 1.0
-0.932 1.305 1.0
1.454 0.747 0.0
0.808 -1.188 1.0
1.282 0.706 0.0
-1.022 -1.248 0.0
-1.26 0.957 1.0
-0.833 1.631 1.0
1.572 -1.561 1.0
0.765 0.385 0.0
-0.449 -0.997 0.0
1.473 1.147 0.0
-1.008 -1.032 0.0
0.309 -1.672 1.0
0.551 -0.672 1.0
-1.607 0.582 1.0
0.356 1.616 1.0
-1.525 -0.876 0.0
0.655 0.078 1.0
1.413 -0.94 1.0
-0.845 1.351 1.0
1.787 1.222 0.0
-1.311 -1.273 0.0
0.487 1.235 0.0
-1.217 -1.767 0.0
0.667 -2.036 1.0
1.981 0.398 0.0
1.645 1.257 0.0
1.469 1.518 0.0
-1.258 -1.24 0.0
1.105 1.732 0.0
-0.594 0.804 1.0
1.016 0.953 0.0
-1.007 -1.012 0.0
-1.274 0.417 1.0
-0.159 -1.287 1.0
0.718 1.166 0.0
0.838 -0.291 1.0
-0.573 -0.914 0.0
1.131 -1.052 1.0
1.92 -0.911 1.0
0.686 0.995 0.0
-0.497 1.229 1.0
-1.395 -1.187 0.0
-1.961 -0.148 0.0
0.82 0.629 0.0
-0.771 1.488 1.0
1.598 -0.628 1.0
-0.451 -1.706 0.0
-1.444 -2.217 0.0
-0.7 0.626 1.0
-0.993 0.958 1.0
1.317 1.422 0.0
2.122 0.435 0.0
-0.767 1.303 1.0
-0.43 -0.956 0.0
-1.41 -0.821 0.0
1.64 1.393 0.0
1.58 0.645 0.0
-0.762 -1.576 0.0
0.11 -0.668 0.0
0.63 0.743 0.0
-1.742 0.733 1.0
1.032 0.57 0.0
-0.593 0.338 1.0
-1.31 -1.544 0.0
-1.894 1.315 1.0
-1.669 -0.996 0.0
-0.417 0.72 1.0
1.075 -0.425 1.0
0.999 0.877 0.0
1.205 -0.415 1.0
0.654 1.124 0.0
1.161 -1.629 1.0
-0.578 -0.822 0.0
-1.896 -0.926 0.0
0.817 0.588 0.0
0.981 1.367 0.0
1.169 0.858 1.0
0.526 0.973 0.0
-1.58 -1.598 0.0
0.982 -1.185 1.0
-0.833 -0.918 0.0
1.059 -1.357 1.0
0.658 0.665 0.0
-0.75 -0.535 0.0
0.87 1.472 0.0
-0.183 0.777 0.0
-1.521 1.515 1.0
-0.764 -0.454 0.0
-0.838 -0.152 0.0
1.262 1.509 0.0
-1.187 1.415 1.0
-0.946 -0.774 0.0
0.98 0.443 0.0
0.726 0.348 0.0
1.153 -0.921 1.0
-0.695 1.494 1.0
-0.846 1.328 1.0
1.329 1.052 0.0
-0.252 0.624 1.0
0.047 0.935 0.0
-0.512 -0.859 0.0
-0.675 0.752 1.0
-1.134 -0.986 0.0
-0.35 -1.2 0.0
-1.178 -1.628 0.0
-0.579 -0.504 0.0
-1.351 0.65 1.0
-1.021 1.182 1.0
-0.967 1.727 1.0
-2.378 0.879 1.0
0.345 -1.131 1.0
-0.453 -1.332 0.0
1.286 1.404 0.0
-1.033 -1.915 0.0
-0.726 1.004 1.0
-2.077 0.935 1.0
1.499 0.831 0.0
1.637 -1.102 1.0
-0.42 -0.177 0.0
0.944 1.31 0.0
0.437 1.002 0.0
-1.904 -0.826 0.0
-1.082 1.144 1.0
-0.61 -0.609 0.0
-0.444 0.372 1.0
-0.842 -1.426 0.0
0.692 1.536 0.0
-0.11 -0.375 1.0
-0.972 -1.081 0.0
-1.093 1.462 1.0
0.817 -1.499 1.0
1.29 -1.881 1.0
1.63 -0.816 1.0
-0.586 1.133 1.0
0.093 -0.431 1.0
-0.737 -0.762 0.0
-0.316 0.197 1.0
-1.714 0.786 1.0
1.392 -1.322 1.0
1.328 1.922 0.0
0.492 -0.226 0.0
0.28 1.917 1.0
1.0 -1.105 1.0
1.042 -2.205 1.0
0.217 -0.807 1.0
-0.961 1.1 1.0
-0.544 1.147 1.0
0.788 -0.908 1.0
-1.152 -1.685 0.0
0.312 -0.69 1.0
-1.115 -0.71 0.0
-1.188 -0.556 0.0
0.216 -1.798 1.0
-1.029 1.463 1.0
0.233 0.791 0.0
0.937 1.177 0.0
1.482 0.219 0.0
1.432 -0.817 1.0
-0.514 -0.552 0.0
-1.325 -0.807 0.0
1.785 1.863 0.0
2.042 1.306 0.0
-0.748 -0.98 0.0
1.332 0.646 0.0
0.912 2.143 0.0
0.306 0.928 0.0
-1.52 -0.71 0.0
1.9 -0.675 1.0
0.381 -1.19 1.0
0.394 1.404 0.0
0.078 0.483 1.0
-0.855 1.302 1.0
1.123 -1.573 1.0
-0.723 -1.633 0.0
-0.09 -0.963 0.0
-0.809 1.744 1.0
0.512 -1.002 1.0
0.45 -0.895 1.0
0.438 1.148 0.0
-0.885 -0.143 0.0
-0.728 -0.95 0.0
1.676 -1.403 1.0
0.824 0.816 0.0
1.747 1.454 0.0
-0.35 -1.436 0.0
-1.917 1.175 1.0
0.595 0.636 0.0
0.274 0.969 0.0
-0.977 -0.493 0.0
1.328 1.208 0.0
-0.603 2.139 1.0
-1.045 1.674 1.0
1.534 0.111 0.0
1.006 -0.92 1.0
0.979 0.556 0.0
1.141 -1.071 1.0
0.832 1.277 0.0
0.677 -0.084 1.0
1.005 1.412 0.0
1.745 -1.622 1.0
1.554 -1.621 1.0
0.818 -2.002 1.0
0.735 -1.525 1.0
-1.059 1.004 1.0
0.781 2.248 0.0
-1.426 0.907 1.0
-0.867 -1.631 0.0
-1.12 -1.095 0.0
-0.911 0.984 1.0
-1.246 -0.899 0.0
-0.731 1.411 1.0
-2.056 -0.222 1.0
-1.416 1.494 1.0
1.099 0.733 0.0
1.988 -0.886 1.0
-1.748 0.871 1.0
1.343 0.842 0.0
1.566 -1.193 1.0
-0.704 -0.497 0.0
-1.399 -1.925 0.0
-0.039 0.935 1.0
2.407 0.164 0.0
-1.765 -1.919 0.0
-1.906 1.484 1.0
1.388 -1.933 1.0
-1.426 -1.476 0.0
1.699 1.549 0.0
-0.961 -0.787 0.0
-0.65 1.149 1.0
-1.133 1.287 1.0
-0.433 1.526 0.0
0.694 2.014 0.0
-0.846 -1.19 0.0
1.528 1.512 0.0
-0.536 0.866 1.0
-1.434 -1.153 0.0
-0.333 0.901 1.0
0.768 1.517 0.0
0.313 2.215 0.0
-1.001 1.11 1.0
0.27 0.983 0.0
-1.72 -1.189 0.0
-1.616 -1.432 0.0
-1.162 0.787 1.0
-1.373 -1.725 0.0
0.252 0.845 0.0
-1.209 1.228 1.0
1.388 0.181 0.0
0.946 -0.288 1.0
-0.873 -0.336 0.0
0.378 0.987 0.0
-0.513 0.02 1.0
-0.989 -1.568 0.0
-1.29 -0.243 0.0
-0.712 -0.951 0.0
-1.286 1.026 1.0
-0.413 1.846 1.0
1.577 0.792 0.0
1.341 -1.393 1.0
1.336 -1.095 1.0
-1.217 -1.298 0.0
-1.667 -0.881 0.0
-0.918 -0.752 0.0
0.864 -1.729 1.0
-1.431 -1.301 0.0
0.582 -1.141 1.0
1.229 -1.452 1.0
0.504 0.673 0.0
-1.61 -0.814 0.0
1.276 -1.534 1.0
0.589 -0.559 1.0
-1.075 -1.435 0.0
0.204 0.597 0.0
1.601 -0.451 1.0
-1.683 1.482 1.0
0.562 0.68 0.0
2.155 0.785 0.0
-1.235 -0.072 0.0
-0.281 -1.176 0.0
1.433 0.261 1.0
-1.242 -1.019 0.0
-0.57 1.305 1.0
-1.272 0.667 1.0
-0.452 -0.018 0.0
1.212 -0.919 1.0
0.545 0.622 0.0
-1.623 0.732 1.0
0.898 1.182 0.0
1.225 -0.733 1.0
1.108 -0.707 1.0
-1.067 -0.761 0.0
-0.986 -1.037 0.0
1.424 0.502 0.0
-0.826 0.676 1.0
1.861 -0.734 1.0
-1.607 1.931 1.0
0.745 -0.133 1.0
0.846 -1.595 1.0
-1.1 0.966 1.0
0.314 0.125 0.0
0.731 1.343 0.0
-1.33 -1.465 0.0
-0.709 -1.287 0.0
0.985 -0.886 1.0
-0.598 -0.15 0.0
-0.847 -1.232 0.0
1.425 1.743 0.0
-0.977 -1.067 0.0
-0.691 1.114 1.0
0.45 1.203 0.0
-0.237 -0.71 0.0
-0.74 -0.497 0.0
1.636 -1.848 1.0
1.631 -1.17 1.0
0.869 -1.048 1.0
-0.858 -1.422 0.0
0.748 -0.944 1.0
-0.375 1.028 1.0
-0.975 1.881 1.0
1.219 -0.384 1.0
1.413 0.477 0.0
0.753 1.563 0.0
-0.769 -1.068 0.0
-0.327 0.284 1.0
-0.477 -0.098 0.0
-0.498 -0.253 0.0
0.547 -0.471 1.0
1.249 -2.182 1.0
-1.216 1.508 1.0
0.856 0.501 0.0
-0.866 -0.678 0.0
0.991 1.306 0.0
-0.038 -0.597 1.0
-1.68 0.716 1.0
-0.668 1.376 1.0
-1.152 0.982 1.0
-1.291 -1.429 0.0
1.514 1.325 0.0
0.386 -1.263 1.0
0.727 -1.162 1.0
0.517 -1.359 1.0
0.235 0.624 0.0
1.819 1.662 0.0
-0.744 -1.302 0.0
0.809 0.125 1.0
-1.478 -0.974 0.0
-1.3 1.119 1.0
-0.953 -0.842 0.0
1.034 0.369 0.0
1.163 -1.341 1.0
-1.123 -1.157 0.0
-1.309 1.353 1.0
1.031 -1.0 1.0
2.043 -0.91 1.0
1.312 2.033 0.0
-1.176 -0.577 0.0
0.357 0.546 0.0
0.35 0.879 0.0
-1.766 0.788 1.0
1.119 1.002 0.0
-1.516 -1.126 0.0
-0.448 -1.484 0.0
-1.001 1.112 1.0
0.681 0.494 0.0
0.946 -0.869 1.0
-1.625 2.032 1.0
0.271 -0.844 1.0
0.211 1.044 0.0
-0.927 1.06 1.0
1.574 -1.891 1.0
-1.651 1.217 1.0
0.813 -0.196 1.0
1.166 1.363 0.0
-1.923 0.965 1.0
-0.361 1.207 1.0
-1.258 -2.341 0.0
-0.271 -1.145 0.0
-0.485 0.47 1.0
-0.962 -1.676 0.0
-1.347 0.76 1.0
1.832 1.277 0.0
-1.022 -1.001 0.0
0.741 2.221 0.0
-1.341 -0.08 0.0
-1.046 -1.459 0.0
1.526 1.859 0.0
-0.627 -1.608 0.0
-1.53 -0.838 0.0
1.539 -1.954 1.0
-0.204 1.905 0.0
0.568 -1.13 1.0
-0.62 -1.175 0.0
-1.715 -1.715 0.0
-0.788 -2.266 0.0
0.686 1.302 0.0
1.367 0.059 0.0
-0.64 0.685 1.0
0.627 -0.259 1.0
0.676 -0.933 1.0
-1.384 0.162 1.0
0.273 -1.771 1.0
0.995 -1.177 1.0
1.501 -1.298 1.0
-1.334 1.702 1.0
-1.506 -1.701 0.0
0.122 -1.091 1.0
-1.787 -0.308 1.0
-1.392 -1.129 0.0
-0.826 -1.716 0.0
2.399 0.191 0.0
-0.828 -1.098 0.0
-0.309 -0.725 0.0
-1.465 1.029 1.0
-0.923 -1.976 0.0
0.961 1.55 0.0
1.409 -1.085 1.0
-1.489 1.391 1.0
1.462 -1.591 1.0
1.096 -1.381 1.0
-0.518 -1.634 0.0
-1.212 -1.158 0.0
0.497 -1.576 1.0
1.326 -0.595 1.0
-1.191 -1.323 0.0
1.187 0.688 0.0
1.201 -0.559 1.0
-0.871 -0.432 0.0
1.185 0.653 0.0
0.842 1.005 0.0
1.007 -1.035 1.0
1.323 -1.519 1.0
-0.526 0.409 1.0
-1.914 0.973 1.0
0.355 -1.002 1.0
-0.87 0.882 1.0
1.142 1.294 0.0
0.213 -1.148 0.0
1.42 0.019 0.0
1.405 1.133 0.0
-0.806 2.427 1.0
-1.37 0.129 0.0
1.07 -1.092 1.0
1.189 1.658 0.0
0.592 -1.328 1.0
0.743 -1.371 1.0
0.645 0.979 0.0
0.585 -0.838 1.0
-1.271 -1.44 0.0
-1.046 -1.549 0.0
-0.232 0.566 1.0
-0.976 1.491 1.0
1.204 -1.067 1.0
-1.379 1.537 1.0
1.086 -1.514 1.0
-1.328 0.3 1.0
0.974 1.646 0.0
-0.466 0.6 1.0
0.515 -0.705 1.0
-1.04 -1.322 0.0
-0.782 1.121 1.0
-0.756 0.552 1.0
0.898 -0.355 1.0
-1.864 2.419 1.0
-1.966 0.721 1.0
-1.235 0.864 1.0
-0.562 0.651 1.0
-0.039 -1.441 0.0
-0.897 -0.409 0.0
-0.235 0.94 1.0
-1.65 -1.621 0.0
-0.51 0.955 1.0
0.496 1.074 0.0
1.781 -0.262 1.0
1.184 -1.405 1.0
-0.498 1.816 1.0
1.07 -0.598 1.0
1.74 -1.379 1.0
1.032 -1.301 1.0
0.748 -0.713 1.0
1.141 -1.248 1.0
0.328 -1.944 1.0
0.75 1.234 0.0
-1.126 -0.439 1.0
-1.145 -1.542 0.0
-1.419 2.167 1.0
1.65 0.664 0.0
0.347 -1.152 1.0
1.263 -1.036 1.0
-1.039 -1.617 0.0
-0.973 -1.293 0.0
-1.627 -1.235 0.0
0.564 0.194 0.0
-1.347 -1.2 0.0
1.203 1.317 0.0
-0.708 -0.934 0.0
-1.08 -1.139 0.0
-1.829 -1.489 0.0
0.588 -0.642 1.0
-1.555 -0.276 1.0
-0.99 1.128 1.0
-0.692 1.191 1.0
-1.903 -1.068 0.0
-1.643 0.374 1.0
-0.99 2.026 1.0
-1.09 -1.065 0.0
-1.534 0.99 1.0
-0.723 -0.7 0.0
-0.829 -0.916 0.0
0.786 1.17 0.0
-1.714 0.494 1.0
1.407 0.338 0.0
-0.816 -0.424 0.0
1.147 -0.418 1.0
0.437 -0.172 1.0
0.707 1.11 0.0
1.005 0.556 0.0
-1.267 -0.911 0.0
0.695 -0.176 1.0
1.282 1.866 0.0
-1.207 -1.674 0.0
1.621 -1.786 1.0
0.824 2.01 0.0
-1.539 -0.229 0.0
0.618 1.295 0.0
-0.53 0.299 1.0
0.826 -1.154 1.0
-1.241 -0.548 0.0
-0.658 -0.388 0.0
-1.208 0.545 1.0
0.807 0.604 0.0
-1.612 -0.529 0.0
-1.122 -0.864 0.0
0.518 0.034 1.0
-0.592 1.425 1.0
-1.938 -1.597 0.0
1.133 1.121 0.0
-1.436 1.159 1.0
0.967 1.274 0.0
-1.343 -1.883 0.0
0.249 -1.965 0.0
-0.94 -1.539 0.0
1.467 -1.863 1.0
0.962 -0.841 1.0
-0.387 -0.676 0.0
0.553 -0.889 1.0
1.191 -0.868 1.0
0.722 -1.723 1.0
-2.091 0.183 1.0
-0.452 1.112 1.0
1.318 -1.734 1.0
0.928 0.689 0.0
1.217 1.427 0.0
0.363 0.561 0.0
0.311 0.132 0.0
-0.849 0.938 1.0
0.436 -2.45 1.0
-0.899 -1.185 0.0
1.486 1.086 0.0
1.775 0.061 1.0
-1.253 0.923 1.0
1.57 1.183 0.0
-0.04 0.347 0.0
0.505 -0.685 1.0
-1.789 -0.441 0.0
-0.747 -0.758 0.0
1.22 1.242 0.0
-1.033 -1.668 0.0
0.008 -1.049 0.0
0.174 -0.293 1.0
-1.938 0.464 1.0
-1.383 -1.419 0.0
-0.809 -0.29 0.0
-0.288 0.306 1.0
0.964 1.195 0.0
-1.372 1.053 1.0
-0.773 0.838 1.0
0.383 0.749 0.0
0.627 -0.626 1.0
-1.196 -1.234 0.0
1.722 0.987 0.0
-2.692 0.13 1.0
1.925 -1.338 1.0
0.276 1.072 0.0
-0.897 1.579 1.0
-0.391 0.854 1.0
-0.4 1.413 1.0
-0.138 2.008 1.0
1.367 -0.604 1.0
-1.2 -0.025 0.0
0.261 -2.205 1.0
0.726 -1.016 1.0
0.193 -1.071 1.0
0.356 -1.363 0.0
-0.627 1.004 1.0
1.145 -1.326 1.0
-1.921 -0.905 0.0
-0.334 1.208 1.0
-0.115 -1.623 0.0
0.451 0.675 0.0
0.62 -1.074 1.0
0.821 1.284 0.0
-0.678 1.645 1.0
-0.72 1.011 1.0
-0.912 -0.794 0.0
1.489 1.719 0.0
-1.184 1.645 1.0
1.186 1.508 0.0
1.356 0.176 0.0
1.181 -2.257 1.0
-1.408 0.796 1.0
-0.201 -1.392 0.0
-2.04 -1.019 0.0
0.39 -1.213 1.0
1.0 1.579 0.0
1.98 -0.636 1.0
-1.76 -1.652 0.0
1.347 1.313 0.0
0.833 1.206 0.0
-0.923 2.227 1.0
0.398 -0.629 1.0
-0.671 -1.059 0.0
0.779 -0.76 1.0
-1.119 1.5 1.0
-1.579 -0.945 0.0
0.386 -0.472 1.0
-0.357 1.126 1.0
-0.912 1.575 1.0
-0.81 0.498 1.0
-0.489 -1.29 0.0
-1.04 -0.651 0.0
1.037 1.154 0.0
1.367 1.518 0.0
-1.279 -1.404 0.0
1.264 0.191 0.0
-0.865 -1.279 0.0
-0.754 1.01 1.0
-1.222 -1.309 0.0
0.214 -0.194 0.0
-1.052 -0.658 0.0
1.03 1.178 0.0
1.028 0.693 0.0
-0.798 -1.552 0.0
1.282 0.866 0.0
-0.678 0.994 1.0
1.505 1.287 0.0
-0.902 1.228 1.0
-0.839 -1.265 0.0
-0.815 0.701 1.0
0.942 0.491 0.0
1.216 -0.932 1.0
-1.188 -1.446 0.0
0.337 0.761 0.0
1.247 2.117 0.0
1.005 1.163 0.0
-0.703 2.108 1.0
1.139 -1.294 1.0
2.243 -1.362 1.0
-1.164 0.687 1.0
-0.862 -0.723 0.0
0.892 0.852 0.0
-1.535 -1.538 0.0
1.241 1.726 0.0
-1.478 0.612 1.0
1.414 -0.814 1.0
-0.578 -1.129 0.0
0.847 0.852 0.0
1.442 -1.7 1.0
-1.236 -1.308 0.0
1.13 1.275 0.0
-0.82 -1.187 0.0
-0.8 1.768 1.0
0.482 0.944 0.0
-1.445 0.942 1.0
0.765 0.171 0.0
-0.837 1.374 1.0
-0.26 -0.935 0.0
-0.593 -0.225 0.0
1.249 1.019 0.0
-2.032 -1.167 0.0
0.814 -0.699 1.0
0.606 1.065 0.0
1.204 -0.771 1.0
0.822 -1.51 1.0
1.022 -0.93 1.0
-1.315 1.128 1.0
1.567 0.301 0.0
-0.849 1.683 1.0
-0.841 -0.982 0.0
-0.864 -0.666 0.0
0.606 -1.709 1.0
-1.527 1.522 1.0
-0.976 -0.728 0.0
1.244 -0.776 1.0
-1.743 0.755 1.0
0.515 -1.808 1.0
1.331 0.384 0.0
0.524 -0.994 1.0
-1.649 -2.434 0.0
0.979 1.372 0.0
1.283 1.218 0.0
-1.014 0.417 1.0
0.347 1.523 0.0
0.632 0.308 0.0
1.339 -1.65 1.0
1.293 -1.496 1.0
-1.594 -0.905 0.0
0.491 -0.927 1.0
0.84 1.684 0.0
1.011 1.004 0.0
1.088 0.43 0.0
0.853 -1.434 1.0
-1.094 -1.607 0.0
-0.026 0.789 1.0
0.776 -1.879 1.0
1.077 -2.049 1.0
1.215 1.087 0.0
-0.015 -1.265 0.0
1.467 -1.66 1.0
-1.423 -0.204 0.0
-0.835 -1.426 0.0
1.219 -1.902 1.0
0.88 -0.695 1.0
-1.425 -0.595 0.0
0.382 -0.468 1.0
1.579 0.914 0.0
-1.366 0.761 1.0
1.272 1.083 0.0
1.017 -1.303 1.0
0.804 -1.327 1.0
-1.48 1.089 1.0
1.088 -0.733 1.0
-0.52 0.561 0.0
0.864 -0.821 1.0
-0.974 0.753 1.0
-1.687 0.491 1.0
-0.203 0.006 1.0
0.671 1.196 0.0
-1.569 1.08 1.0
-1.284 -1.382 0.0
1.01 0.515 0.0
-2.113 1.564 1.0
-0.889 -0.584 0.0
-0.085 1.245 0.0
1.608 -1.343 1.0
-0.313 1.002 1.0
-0.355 0.889 1.0
1.087 1.831 0.0
0.999 0.299 0.0
2.137 1.191 0.0
-0.108 1.427 1.0
-1.799 0.542 1.0
-1.394 -1.771 0.0
-0.786 0.063 1.0
-1.461 -0.75 0.0
0.874 1.301 0.0
-1.871 0.411 1.0
-1.039 1.383 1.0
-0.346 -0.493 0.0
-2.455 0.86 1.0
-1.178 0.64 1.0
0.639 -0.329 1.0
-1.295 0.053 1.0
-0.481 0.405 1.0
1.263 -0.999 1.0
0.859 0.538 0.0
0.41 -0.703 1.0
-1.108 0.953 1.0
1.089 -0.88 1.0
0.776 1.339 0.0
0.13 1.215 1.0
0.315 -1.308 1.0
-0.677 0.68 1.0
1.704 -0.937 1.0
-1.102 -1.146 0.0
-1.179 -1.29 0.0
-1.424 1.066 1.0
-1.332 -1.277 0.0
0.522 -1.809 1.0
0.943 -1.364 1.0
-0.815 -0.066 0.0
-1.401 0.848 1.0
-1.337 0.636 1.0
0.123 0.624 1.0
-0.857 0.199 1.0
-1.278 -1.766 0.0
0.65 -0.874 1.0
1.077 -2.808 1.0
-0.645 1.352 1.0
1.092 -0.905 1.0
1.011 0.731 0.0
-1.324 -1.73 0.0
-1.676 1.065 1.0
1.141 -1.15 1.0
-0.472 -0.727 0.0
1.123 -1.496 1.0
-0.237 -0.846 0.0
-0.724 0.782 1.0
1.531 -1.29 1.0
0.848 -0.612 1.0
-0.608 -1.222 0.0
-1.289 1.465 1.0
-0.962 -1.387 0.0
-0.98 1.356 1.0
0.913 1.165 0.0
0.782 0.999 0.0
-0.869 -1.558 0.0
-1.808 1.018 1.0
0.418 0.288 0.0
1.162 1.452 0.0
0.347 0.422 0.0
-1.736 1.88 1.0
-0.724 0.766 1.0
1.353 2.22 0.0
0.406 -0.961 1.0
0.602 1.587 0.0
1.419 0.554 0.0
0.882 0.674 0.0
-1.549 -0.717 0.0
-1.376 -0.909 0.0
0.837 -0.979 1.0
-0.355 0.815 1.0
-1.726 -0.511 0.0
-0.178 -1.897 0.0
1.269 0.76 0.0
1.561 0.569 0.0
-1.48 -1.905 0.0
1.136 0.755 0.0
0.377 0.246 0.0
-1.679 -1.633 0.0
-1.226 0.478 1.0
0.679 1.443 0.0
0.579 -0.708 1.0
1.472 1.989 0.0
-0.581 -1.805 0.0
0.658 1.121 0.0
0.014 1.244 1.0
0.283 -2.363 1.0
-0.6 0.609 1.0
1.784 -0.902 1.0
0.378 0.554 0.0
-0.786 1.331 1.0
-1.017 -1.018 0.0
-0.73 0.012 0.0
1.063 -0.234 1.0
-1.757 -1.192 0.0
-1.137 0.467 1.0
0.99 1.041 0.0
1.555 -0.551 1.0
-1.48 -1.248 0.0
0.347 1.669 1.0
0.32 -2.005 1.0
-0.953 -1.37 0.0
-0.681 -0.505 0.0
1.249 -1.512 1.0
0.92 -0.33 1.0
-0.745 1.324 1.0
-1.315 1.445 1.0
-1.118 0.967 1.0
1.501 0.686 0.0
0.749 -1.453 1.0
1.408 -0.855 1.0
-1.224 0.225 1.0
1.36 -1.433 1.0
1.908 -0.251 1.0
0.631 1.285 0.0
-0.775 -1.417 0.0
-0.437 -0.294 0.0
1.136 -1.304 1.0
0.055 0.425 1.0
-0.61 1.196 1.0
-1.231 1.511 1.0
1.015 -1.329 1.0
-0.466 0.207 0.0
0.575 1.701 0.0
-0.819 -1.136 0.0
-0.833 1.497 1.0
-1.496 1.549 1.0
1.676 0.644 0.0
-1.475 -1.035 0.0
0.698 -0.407 1.0
-1.071 0.983 1.0
0.245 0.449 0.0
0.426 0.805 0.0
0.921 1.131 0.0
-1.887 1.525 1.0
-1.144 1.554 1.0
0.727 -0.938 1.0
-0.876 -1.4 0.0
-0.236 0.612 1.0
-0.831 -1.172 0.0
0.476 1.7 0.0
0.863 1.121 0.0
0.27 0.463 0.0
0.842 -1.275 1.0
-0.532 -0.712 0.0
-1.818 -0.613 0.0
-0.526 -0.215 0.0
-0.919 1.017 1.0
1.234 0.143 0.0
-0.564 -2.071 0.0
1.672 1.839 0.0
-1.261 0.911 1.0
-1.347 -0.884 0.0
-0.219 -1.65 0.0
-1.228 -0.833 0.0
-1.896 -0.926 0.0
-0.049 1.073 1.0
1.434 0.42 0.0
-1.306 -1.579 0.0
-0.474 1.972 0.0
-0.319 -1.06 0.0
1.614 1.561 0.0
1.321 1.412 0.0
-0.832 -1.323 0.0
-0.871 1.095 1.0
-0.819 1.838 1.0
1.118 -1.243 1.0
-1.182 -1.674 0.0
1.32 0.982 0.0
0.275 -0.033 1.0
0.853 1.036 0.0
-1.164 0.387 1.0
-0.576 1.276 1.0
-1.073 1.068 1.0
-1.201 0.717 1.0
-1.427 -1.56 0.0
0.484 -0.022 1.0
-1.451 -0.467 0.0
-1.077 -1.816 0.0
-0.72 -0.059 0.0
0.782 -1.72 1.0
-0.52 -1.297 0.0
-0.757 0.43 1.0
-0.698 -0.756 0.0
-0.989 0.603 1.0
-1.01 1.21 1.0
1.514 0.246 0.0
-0.486 -0.565 0.0
1.437 -0.954 1.0
0.861 0.127 0.0
1.61 0.664 0.0
0.346 -0.637 1.0
-0.869 -0.302 0.0
-1.16 -1.073 0.0
1.415 0.368 0.0
-0.721 -1.149 0.0
0.549 -1.584 1.0
0.879 0.74 0.0
-0.727 -1.846 0.0
1.31 -1.024 1.0
0.241 0.104 0.0
1.187 -1.685 1.0
-0.166 1.135 1.0
1.982 -0.281 1.0
1.364 -0.991 1.0
1.049 0.506 0.0
-0.692 0.805 1.0
0.298 -1.622 1.0
1.381 -0.979 1.0
-0.651 -0.545 0.0
0.825 -1.464 1.0
-1.399 0.969 1.0
0.786 -1.157 1.0
0.137 0.829 1.0
1.439 -0.456 1.0
-2.542 0.594 1.0
-0.995 -0.007 0.0
-0.9 0.345 1.0
-1.059 0.896 1.0
1.065 1.165 0.0
-0.908 -0.896 0.0
-1.262 1.622 1.0
-0.077 0.1 1.0
0.349 1.776 0.0
0.799 -0.167 1.0
-0.897 1.038 1.0
1.89 -0.751 1.0
1.035 -0.924 1.0
1.094 0.757 0.0
0.901 -0.8 1.0
0.932 0.578 0.0
0.308 0.88 0.0
-1.376 0.909 1.0
-0.534 -1.308 0.0
0.575 -1.005 1.0
0.182 -1.392 1.0
1.484 -0.245 1.0
-0.633 -1.326 0.0
-0.659 -0.46 0.0
-1.404 -0.982 0.0
-1.006 -0.883 0.0
-0.049 -1.478 1.0
-1.431 -1.096 0.0
0.894 1.325 0.0
0.314 -1.42 1.0
1.293 -0.803 1.0
-0.273 -0.545 0.0
-0.777 -0.719 0.0
-1.541 -1.118 0.0
1.178 0.298 1.0
-0.886 -0.822 0.0
-1.512 2.119 1.0
-1.834 1.538 1.0
1.298 -0.932 1.0
1.281 1.484 0.0
1.247 0.494 0.0
-0.652 0.939 1.0
-1.216 -1.105 0.0
-0.713 1.641 1.0
0.981 1.369 0.0
0.871 -1.475 1.0
-1.592 1.622 1.0
-1.202 0.99 1.0
0.138 1.173 1.0
-0.625 -1.649 0.0
0.524 0.738 0.0
-1.352 -1.213 0.0
-1.371 -1.136 0.0
0.303 -0.868 1.0
0.437 -0.927 1.0
-0.048 1.891 0.0
1.57 -1.239 1.0
-1.375 0.966 1.0
-1.096 -0.064 1.0
1.3 -0.22 0.0
-1.715 -1.542 0.0
-0.291 0.906 1.0
1.448 -0.343 1.0
0.631 1.166 0.0
-1.31 0.192 1.0
0.438 0.204 0.0
1.655 0.609 0.0
0.173 0.778 0.0
-0.93 1.933 1.0
0.966 2.109 0.0
-0.27 1.923 1.0
0.74 -0.728 1.0
-1.466 0.529 1.0
-1.413 1.3 1.0
1.254 -1.052 1.0
-1.356 -1.02 0.0
-0.774 0.802 1.0
1.22 0.84 0.0
1.003 -0.952 1.0
2.007 -1.961 1.0
1.429 0.783 0.0
1.253 -1.479 1.0
-1.035 0.65 1.0
0.982 -1.73 1.0
1.137 0.639 0.0
0.104 1.336 0.0
0.046 1.229 0.0
1.945 -2.307 1.0
0.816 0.558 0.0
-1.832 0.607 1.0
0.901 -1.123 1.0
1.392 -0.724 1.0
-1.023 0.919 1.0
1.212 0.552 0.0
-1.21 -1.769 0.0
1.685 -0.885 1.0
-0.55 -1.464 0.0
-1.386 0.224 1.0
-1.104 -0.858 0.0
-1.465 1.585 1.0
-0.206 0.755 1.0
0.305 1.051 0.0
0.523 1.462 0.0
1.186 0.605 0.0
0.876 0.348 0.0
0.954 0.227 0.0
1.456 -0.97 1.0
1.398 -1.736 1.0
-0.817 -0.465 0.0
-0.736 -0.746 0.0
0.796 0.948 0.0
-1.817 0.782 1.0
1.165 -1.129 1.0
-0.342 -0.412 0.0
-0.759 -0.812 0.0
0.721 1.068 0.0
-1.886 0.304 1.0
-1.589 1.868 1.0
-1.36 0.835 1.0
-1.26 -2.142 0.0
1.214 1.118 0.0
1.153 1.3 0.0
0.995 -1.584 1.0
0.785 -0.181 1.0
-1.19 0.642 1.0
-0.303 -0.633 0.0
1.035 0.045 0.0
0.982 -1.103 1.0
0.919 -0.409 1.0
-1.208 -1.17 0.0
-1.348 0.525 1.0
-0.537 2.019 1.0
1.111 -0.846 1.0
1.355 -1.128 1.0
0.628 0.187 0.0
-1.56 -0.685 0.0
0.425 -2.504 1.0
0.533 1.386 0.0
1.349 0.773 0.0
1.222 -0.886 1.0
-0.36 1.466 1.0
1.758 -1.186 1.0
-0.367 1.322 1.0
-0.009 0.244 1.0
-1.042 -1.168 0.0
0.821 -0.946 1.0
-1.002 -0.672 0.0
1.132 0.441 0.0
-1.773 1.134 1.0
-1.726 0.653 1.0
-1.448 -0.678 0.0
-0.118 0.135 1.0
-1.009 -0.821 0.0
1.547 0.975 0.0
-0.715 -0.852 0.0
-2.021 0.461 1.0
-1.363 0.772 1.0
-1.027 -0.385 0.0
-1.136 1.623 1.0
0.505 0.666 0.0
-1.839 -0.575 1.0
1.328 -1.471 1.0
2.114 1.119 0.0
0.34 -1.691 0.0
-0.834 -0.723 0.0
-1.84 0.469 1.0
1.361 1.051 0.0
-0.866 0.952 1.0
2.073 0.451 0.0
-0.668 1.949 1.0
1.857 0.743 1.0
-1.398 -0.775 0.0
-0.791 0.326 1.0
-0.924 0.522 1.0
-0.262 -1.265 0.0
1.625 -1.276 1.0
0.883 -2.033 1.0
0.714 -0.74 1.0
-2.258 1.262 1.0
1.026 -2.006 1.0
0.899 -0.51 1.0
0.798 1.412 0.0
1.501 -1.236 1.0
-0.867 -0.496 0.0
1.022 -1.5 1.0
2.129 -1.26 1.0
0.836 1.077 0.0
-0.423 1.068 1.0
1.651 -0.761 1.0
-1.092 0.593 1.0
0.118 1.074 1.0
-0.281 -1.059 0.0
0.39 -1.306 1.0
1.702 -1.275 1.0
-1.674 -1.351 0.0
1.314 -0.628 1.0
0.694 -0.635 1.0
-0.806 1.743 1.0
0.546 -0.712 1.0
0.936 -0.653 1.0
-1.655 -0.732 0.0
