100
-0.782 -0.526
1.623 2.242
-1.898 -1.299
0.958 0.745
-0.462 -0.651
0.910 0.882
-1.474 -0.977
1.162 0.644
-0.405 -1.447
0.772 0.808
-1.255 -0.016
1.021 1.335
-1.715 -0.421
1.046 0.767
-1.178 -1.854
0.441 1.055
-1.542 -0.890
1.336 0.618
-0.447 -0.956
0.285 1.592
-0.642 -0.481
0.430 1.531
-0.568 -0.301
1.886 0.321
-0.671 0.598
0.354 0.755
-1.840 -0.911
0.394 1.182
-1.023 -0.833
1.661 1.664
-0.515 -1.631
0.424 1.005
-0.910 0.113
1.074 1.080
-1.053 -0.637
1.443 1.135
-1.642 -0.764
1.360 0.844
-0.900 -1.043
0.638 1.767
-0.443 -0.617
0.127 1.412
-0.469 -1.016
0.402 0.590
-1.288 -0.524
1.366 1.066
-0.745 -2.094
1.752 0.715
-1.084 -0.995
1.397 0.626
-1.009 0.225
0.829 0.945
-1.410 -0.685
0.024 0.672
-0.493 -1.433
0.641 0.648
-1.268 -0.371
0.616 0.950
-0.381 -0.641
1.084 0.674
-0.935 -1.530
1.778 1.598
-0.637 -1.722
0.886 0.656
-1.344 -1.066
0.102 1.272
-0.404 -0.872
1.773 0.225
-0.511 -1.238
1.522 1.998
-0.905 -0.954
1.415 1.641
0.226 -0.472
1.408 1.006
-0.384 -1.382
0.854 1.058
0.041 -0.878
1.449 0.078
-1.061 -0.424
1.296 0.503
-0.832 -0.477
1.160 1.262
-1.692 -0.750
0.913 1.661
-0.111 -0.894
1.243 1.349
-0.621 -1.362
0.872 1.006
-0.389 -0.127
1.178 0.996
-1.205 -0.490
1.336 0.034
-2.012 -1.322
0.829 0.737
-1.174 -1.879
1.465 0.849
-0.987 -0.950
2.253 1.239
-0.977 -0.188
0.369 0.551
-0.986 -1.550
0.573 1.222
0.113 -0.843
1.598 0.757
-1.695 -0.118
1.330 0.424
-0.578 -1.019
1.354 1.054
-1.286 -0.077
1.803 1.211
-1.314 -1.157
0.804 1.394
-1.606 -0.832
0.993 1.984
-1.407 -0.373
1.428 -0.071
-0.197 -0.608
0.999 0.449
-1.432 -0.637
-0.248 1.048
-1.183 -1.018
1.442 1.841
-1.110 -1.359
0.514 0.404
-0.400 -1.438
1.754 0.257
-1.477 -0.223
1.362 1.487
-0.054 -1.224
0.690 1.164
-0.607 -0.274
0.817 0.929
-0.698 -0.724
0.997 0.131
-1.719 -1.519
0.242 1.234
-1.368 -1.249
1.282 1.479
-0.871 -0.323
1.274 0.630
-0.716 -1.723
0.441 1.023
-1.267 -1.183
0.551 0.628
-0.596 -1.189
1.343 1.025
-1.430 -1.562
1.826 0.785
-0.671 -1.181
2.609 1.592
-0.931 -0.710
1.282 1.293
-1.371 -1.380
0.601 1.162
-0.817 -0.959
0.790 1.265
-1.346 -0.591
1.328 1.191
0.003 -0.941
0.218 1.135
-1.780 -0.837
0.778 0.987
-0.575 -0.757
1.092 0.988
-0.841 -1.125
1.284 1.496
-1.119 -1.977
0.566 0.837
-0.748 -0.634
1.610 0.069
-1.189 -0.281
0.821 0.682
-1.126 -0.769
1.156 1.272
-0.995 -1.138
0.754 0.558
-0.565 -0.948
0.580 1.542
-0.149 -1.103
1.108 0.715
-1.422 -0.292
0.288 1.255
-1.533 -1.027
0.682 1.286
-1.398 -0.538
1.328 0.595
-0.955 -1.046
1.047 0.429
-0.829 -0.751
1.008 0.282
-1.598 -1.426
1.968 1.532
-1.303 -1.663
1.310 1.410
-0.363 -1.035
0.977 1.588
-0.320 -1.344
1.190 0.447
-0.816 -0.877
1.764 0.840
-1.268 -1.657
1.955 1.203
-0.826 -0.880
1.008 1.782
-0.847 -0.652
1.535 1.326
-1.462 -1.256
0.671 0.981
-1.818 -0.702
0.437 0.672
-1.736 -0.664
1.506 0.856
-1.771 -0.416
0.524 1.030
-0.615 -1.195
0.789 1.435
-1.205 -0.647
0.936 1.136
-0.232 -1.255
1.434 1.256
-1.873 -0.363
0.987 0.914
-0.295 -1.026
1.457 1.483
-0.680 -0.586
0.564 1.852
-0.793 -1.156
0.456 0.824
-0.724 -0.456
1.489 0.967
-0.896 -0.622
0.666 1.177
-1.270 -1.497
1.336 1.099
-1.780 -0.879
1.571 1.878
-1.651 -1.172
0.430 1.066
-1.226 -0.844
1.462 1.248
-0.651 -1.129
1.013 0.851
0.193 -0.345
0.756 1.346
-2.252 -0.245
0.510 1.449
-0.446 -1.622
1.170 1.738
-1.695 -0.641
1.159 -0.044
-0.746 -0.776
1.478 0.390
-1.132 -1.679
1.214 1.384
0.314 -0.709
1.226 1.442
-1.329 -0.975
1.395 1.176
-1.209 -0.508
0.383 1.523
-0.127 -0.752
1.165 1.617
-0.590 -0.586
0.851 0.897
-1.482 -1.260
1.623 1.609
-0.424 -1.263
1.332 1.492
-1.051 -0.912
0.489 0.784
-1.828 -1.967
1.275 0.601
-1.211 -1.083
1.165 0.404
-0.921 -2.002
0.653 2.079
-1.338 -0.455
1.823 0.702
-1.034 -1.009
1.418 1.438
-0.727 -1.320
0.534 1.652
-1.408 -1.695
1.269 0.105
-1.530 -0.657
0.922 1.077
-0.965 -1.373
2.225 0.332
-1.549 -0.113
0.347 0.826
-1.214 -1.960
0.873 1.604
-0.947 -0.876
0.245 0.275
-1.017 -1.381
1.213 1.570
-2.178 -0.924
0.484 1.633
-1.179 -1.045
0.822 0.703
-0.738 -1.363
0.729 0.614
-0.397 -1.498
0.748 1.386
-1.219 -1.450
1.207 1.368
-1.611 -1.412
1.969 1.219
-1.113 -1.202
1.571 1.815
-0.451 -0.201
0.652 1.232
-1.667 -1.555
1.450 0.543
-0.624 -1.457
0.627 1.127
-1.294 -1.373
1.042 0.841
0.300 -0.839
0.530 0.041
0.185 -0.783
0.145 1.889
-0.050 -1.142
0.509 1.180
-1.363 -1.404
1.829 1.163
-1.264 -1.431
0.681 1.045
-0.915 -0.327
1.432 0.609
-0.352 -1.500
1.100 1.162
-1.470 -0.767
0.869 0.732
0.200 -0.855
1.142 1.111
-0.904 -0.926
1.563 0.930
-1.105 -1.106
1.434 0.900
-1.953 -1.506
1.051 1.161
-1.518 -1.060
0.705 -0.032
-1.207 -1.028
0.524 0.365
-1.006 -2.061
0.691 0.841
-1.714 -0.910
0.648 1.532
-0.897 -0.495
1.114 1.602
-1.058 -0.837
0.990 0.806
-1.088 -1.019
0.142 0.888
-0.939 -1.200
1.583 1.060
-1.431 -0.551
1.298 -0.043
-1.617 -0.934
0.906 1.123
-0.659 -1.176
1.034 1.374
-0.560 0.009
0.719 1.574
-0.620 -1.134
1.831 1.325
-1.313 -1.274
1.547 1.842
-1.178 -1.106
1.444 0.723
-0.839 0.144
0.661 1.006
-0.958 -0.967
0.833 1.411
-0.645 -0.746
0.821 1.175
-0.846 -0.271
2.007 1.014
-0.242 -1.753
0.431 1.230
-0.533 -0.572
1.102 0.705
-1.253 -1.061
0.817 1.664
-1.539 -1.453
1.711 1.018
-0.220 -0.618
1.015 0.757
-0.272 -1.193
0.282 1.219
-0.912 -1.643
1.216 1.112
-0.428 -0.244
0.646 0.413
-0.961 -1.822
1.460 1.380
-1.459 -0.231
1.803 0.980
-1.118 -0.704
2.244 1.509
-1.135 -1.577
1.830 0.779
-0.700 -0.897
1.526 1.692
-1.189 -1.340
0.902 0.568
-1.543 -1.341
0.348 0.735
-1.399 -1.541
1.284 1.025
-0.946 -0.875
1.078 0.767
-0.927 -1.323
0.536 0.802
-1.022 -1.225
2.047 1.817
-1.220 -1.274
1.928 0.755
-1.043 -0.478
1.086 0.822
-0.951 -0.397
1.490 0.588
-1.433 -0.603
1.431 0.531
-0.829 -1.202
0.196 0.949
-1.549 -1.099
1.402 0.945
-0.687 -1.409
0.958 0.999
-0.489 -1.355
0.875 1.762
-0.791 -0.857
1.689 1.262
-1.802 -1.148
0.592 1.215
-0.994 -1.701
1.759 0.957
-1.466 -1.101
1.723 0.046
-0.622 -1.118
1.043 1.462
-0.430 -0.912
0.597 0.837
-1.478 -0.530
1.211 0.463
-0.794 -0.760
1.274 0.268
-0.756 -1.755
1.173 1.364
0.196 -1.242
0.964 1.338
-0.774 -0.728
1.496 -0.004
-0.315 -1.737
1.130 1.136
-0.891 -2.297
1.446 0.755
-0.652 -1.061
2.024 0.799
-1.954 -0.756
0.706 1.804
0.640 -2.352
1.214 1.087
-0.921 -0.912
1.465 1.064
-0.792 -0.778
0.457 0.920
-1.379 -1.186
1.338 1.828
-0.232 -0.910
1.115 1.088
-0.793 -1.501
0.728 0.957
-0.675 -1.424
-0.017 0.891
-0.506 -0.698
1.632 1.029
-1.224 -1.216
1.209 1.201
-1.322 -0.979
1.826 0.874
-0.747 -1.545
1.559 1.216
-1.728 -0.504
1.395 0.447
-1.223 -0.751
1.541 1.381
-0.770 -1.125
1.097 1.052
-0.340 -1.034
2.131 0.390
-1.604 -0.153
1.332 1.702
-1.644 -1.408
1.417 1.229
-0.222 -0.681
0.908 0.021
-0.797 -1.110
0.940 1.747
-1.381 -0.552
1.290 1.000
-0.950 -1.586
0.760 1.167
-0.897 -0.714
1.817 2.189
-1.842 -1.492
0.459 1.321
-0.805 -0.913
2.208 0.303
-0.925 -1.321
0.606 1.079
-0.627 -0.879
1.468 0.110
-0.615 -0.908
1.154 1.916
-1.171 -1.701
0.317 1.153
-0.687 -1.830
1.866 1.512
-0.212 -1.203
0.432 0.020
-1.185 -1.118
1.095 0.876
-1.786 -1.038
1.142 1.392
-0.966 -0.716
0.619 1.533
-0.809 -0.903
1.794 0.946
-0.509 -1.278
1.120 0.784
-1.677 -1.031
0.968 1.204
-0.974 -1.012
-0.068 -0.137
0.503 -1.030
1.314 1.010
-0.968 0.075
1.414 1.384
-1.477 -2.115
0.394 1.322
-1.316 -0.840
0.622 0.728
-1.124 -0.594
0.841 0.419
-0.431 -0.937
0.952 1.368
-0.317 -1.792
0.666 0.709
-0.717 -1.263
0.865 0.901
-2.334 -1.388
0.448 0.906
-0.696 -1.194
0.421 0.885
-0.652 -0.306
2.023 1.530
-0.843 -1.429
0.305 1.149
-0.885 -1.832
0.930 0.764
-0.460 -1.115
1.315 1.122
-0.933 -0.897
0.718 0.540
-1.799 -1.492
1.259 1.005
-0.340 -0.736
1.811 1.449
-1.034 -0.765
0.680 1.246
-1.311 -0.968
0.879 1.376
-0.762 -0.627
2.072 1.644
-1.123 -1.696
1.361 1.186
-1.398 -1.194
1.039 0.377
-0.792 -0.634
0.793 1.367
-1.518 -0.423
0.419 1.234
-0.646 -0.637
0.866 1.500
-0.199 -0.395
1.576 0.569
-1.076 -0.897
1.637 0.669
-0.603 -0.055
0.687 1.486
-1.359 -1.345
0.699 1.282
-0.540 -1.231
0.817 0.089
-0.713 -0.757
2.162 0.765
-1.150 -1.841
1.036 0.870
-1.249 -1.649
1.136 0.393
-0.733 -1.148
0.623 0.480
-0.311 -0.680
0.838 0.722
-0.411 -0.147
1.577 0.230
-1.187 -1.978
0.483 1.435
-1.536 -0.727
0.840 0.337
-0.378 -1.113
0.835 0.099
-0.688 -1.170
1.461 1.542
-1.237 -0.262
0.919 0.343
-1.653 -1.163
0.668 0.931
-0.202 -1.371
0.440 1.033
-1.092 -1.765
1.235 1.656
-0.900 -1.311
1.102 0.706
0.002 -1.740
1.460 1.346
-0.445 -1.480
1.147 2.211
-1.028 -0.803
1.035 0.674
-0.904 -0.827
0.717 0.664
-0.945 -1.400
0.794 1.433
-0.833 -0.287
0.306 1.125
-1.019 -1.190
0.939 1.228
-0.088 -0.082
0.772 1.182
-1.291 -0.921
0.748 1.643
-0.994 -0.835
0.878 0.478
-1.182 -0.668
1.078 0.902
-1.475 -0.928
2.169 0.130
-0.631 -1.205
1.012 1.390
-0.660 -0.999
1.777 2.090
-1.298 -0.788
1.074 1.586
-0.877 -0.665
1.029 1.185
-0.707 -1.110
0.899 0.598
-0.392 -1.613
0.538 1.011
-1.185 -1.963
0.140 0.257
-1.639 -1.644
0.597 1.400
-1.070 -0.995
0.314 0.362
-0.549 -1.532
0.677 0.387
0.192 -0.345
0.422 1.006
-0.852 -0.029
0.639 0.770
-0.051 -1.282
-0.018 0.597
-0.747 -0.711
0.671 1.925
-0.473 -1.058
0.844 0.914
-1.517 -0.771
1.950 0.930
-0.266 -0.597
0.904 1.636
-1.351 -1.209
1.356 0.697
-0.361 -1.619
1.838 1.083
-0.701 -0.825
0.862 0.181
-1.750 -1.209
0.785 1.194
-0.748 -0.663
1.134 1.176
-1.151 -0.583
0.962 1.552
-1.908 -0.973
0.900 1.862
-1.483 -0.545
0.442 0.254
-1.195 -1.077
1.803 0.074
-1.072 -0.708
1.081 0.795
-1.064 -0.140
0.377 1.028
-0.800 -1.051
1.270 1.646
-0.122 -0.461
0.801 0.912
-1.411 -0.331
0.716 1.351
-1.328 -0.726
0.882 -0.026
-1.042 -1.544
0.797 0.745
-0.026 -1.379
0.283 1.051
-0.440 -0.204
0.744 0.468
-1.434 -1.620
0.492 0.590
-0.007 -0.306
1.408 1.036
-0.412 -1.031
1.683 1.036
-0.730 -1.194
1.079 0.384
-0.250 -0.739
1.478 1.320
-1.179 -0.668
1.569 0.620
-0.521 -2.163
1.265 1.120
-1.459 -0.367
0.662 0.653
-0.509 -1.636
1.963 1.021
0.098 -1.188
1.738 0.398
-1.298 -0.305
0.867 0.571
-0.232 -0.337
0.761 1.346
-1.361 -1.281
0.338 0.465
-2.028 -1.065
1.358 0.691
-0.931 -0.922
0.428 0.396
-0.723 -1.003
1.154 2.000
-1.298 -1.001
0.770 0.709
-0.401 -1.409
1.703 0.971
-1.860 -1.158
1.155 1.080
-0.986 -1.577
0.692 0.892
-1.005 -0.883
1.434 0.993
-0.833 -1.005
1.396 1.229
-0.839 -0.757
0.513 -0.027
-1.178 -1.989
1.231 0.476
-1.701 -0.604
1.431 0.415
-0.663 0.248
0.315 0.485
-0.324 -1.510
0.973 1.020
-1.858 -0.454
1.366 1.700
-1.111 -1.610
0.610 0.801
-0.988 -1.412
0.692 1.250
-1.498 -0.709
0.742 1.504
-0.218 -0.666
0.499 1.126
-1.396 -1.559
0.831 1.759
-1.275 -0.804
0.461 0.864
-1.351 -0.922
0.567 0.480
-0.208 -1.494
1.465 1.371
-1.210 -1.311
1.294 0.876
0.266 -1.607
1.062 1.260
-2.144 -0.541
1.087 1.293
-1.447 -1.497
0.758 0.592
-0.110 -0.882
1.233 0.563
-1.289 -0.349
2.224 1.740
-1.647 0.182
2.021 1.191
-0.235 -1.149
1.093 1.508
-1.517 -0.846
0.505 1.393
-0.158 -1.300
1.273 1.753
-1.215 -0.845
0.925 1.523
-0.802 -1.247
2.035 0.855
-1.391 -1.424
1.190 1.010
-1.382 -1.658
0.709 0.574
-1.290 -1.204
0.354 1.080
-0.638 -0.813
1.279 1.424
-0.944 -0.988
1.514 1.158
-0.414 -2.175
0.674 0.626
-1.763 -1.775
1.640 1.354
-1.074 -1.472
0.506 1.894
-0.385 -0.551
1.540 0.658
-0.645 -1.036
0.682 1.957
-1.161 -1.402
0.947 1.570
-0.923 -0.272
-0.248 1.040
-0.062 -0.023
1.144 1.303
-1.026 -0.309
1.416 1.135
-1.621 -0.920
1.305 2.173
-0.166 -0.980
0.027 1.187
-0.861 -1.328
0.688 1.405
-1.339 -1.027
1.403 1.096
-0.684 -0.541
0.490 1.335
-0.738 -1.877
-0.190 1.984
-1.380 -1.354
0.593 0.806
-1.341 -0.755
0.044 0.659
0.143 -0.255
1.136 1.322
-1.236 -0.945
0.813 1.645
0.388 -0.355
1.688 0.575
-1.268 -0.150
1.724 -0.163
0.002 -0.609
0.395 0.649
-0.638 -1.447
1.521 0.580
-0.304 -1.147
-0.054 1.306
-1.211 -1.380
1.080 0.406
-0.299 -1.140
1.353 0.189
-1.042 -0.337
1.254 1.115
-0.194 -1.250
0.328 0.200
-1.582 -0.846
0.604 1.596
-1.725 -1.491
1.551 0.875
-0.649 -0.740
-0.003 0.444
-1.063 -1.046
1.796 -0.185
-1.044 -0.105
1.134 0.675
-0.974 -0.180
0.114 0.222
-0.172 -0.872
1.254 0.241
-0.430 -0.882
0.222 1.554
-0.412 -0.482
0.166 1.405
-1.145 -1.333
1.831 0.849
-0.697 -0.443
0.616 0.923
-0.293 -1.425
0.949 1.280
-0.590 -0.824
1.237 1.368
-1.127 -1.550
0.181 0.582
0.412 -1.166
1.617 1.684
-1.056 -0.976
0.320 1.182
-1.539 -1.664
0.532 1.596
-0.477 -0.658
0.362 1.357
-1.227 -0.931
0.628 0.090
-0.537 -1.147
0.465 0.097
-1.698 -1.454
0.539 1.404
-1.740 -1.251
1.191 0.334
-1.752 0.091
1.021 1.471
-1.635 -0.277
1.176 0.135
-0.071 -1.265
2.046 0.868
-0.585 -1.131
0.010 2.141
-0.732 -0.962
1.455 1.258
-0.835 -1.654
0.855 0.676
-1.779 -0.612
0.324 0.957
-0.680 -0.268
1.056 0.960
-1.083 -1.392
0.751 0.532
-1.408 -1.418
1.340 0.563
-0.467 -0.734
0.555 0.813
-0.393 -0.178
1.480 0.617
-1.332 -2.146
0.134 0.671
-0.973 -1.775
0.479 0.563
-1.196 -0.581
1.325 1.230
-0.765 -1.558
0.909 0.555
-0.634 -1.636
0.646 1.386
-0.492 -0.929
1.092 1.585
-0.017 -1.139
0.752 0.630
-0.855 -1.290
0.889 1.130
-1.072 -1.919
0.613 1.473
-1.425 0.012
0.251 1.405
-1.110 -0.921
0.070 1.203
-0.912 -0.447
1.123 0.754
0.061 -1.392
1.940 2.077
-0.587 0.312
0.741 1.226
-0.781 -1.029
1.677 1.409
-1.029 -1.304
1.648 0.180
-1.738 -0.904
0.808 0.237
-1.463 -1.314
1.704 1.491
-0.618 -1.714
1.370 1.729
-1.355 -0.823
0.662 1.271
-0.821 -1.038
0.256 1.404
-0.782 -0.918
1.510 0.882
-0.776 -1.742
0.992 0.740
-1.438 -1.131
-0.256 1.612
0.510 -1.344
-1.050 0.943
0.205 -0.423
-0.751 1.712
0.948 -0.712
-1.250 1.426
0.122 -0.767
-0.971 1.881
0.358 -1.012
-1.770 0.934
0.813 -1.092
-1.732 0.581
0.139 -0.479
-1.499 1.008
0.503 -1.287
-0.520 0.727
1.390 -0.853
-0.700 0.216
1.340 -0.493
-1.010 0.843
1.559 -0.860
-0.759 0.648
1.278 -0.753
-0.745 1.542
1.236 -0.199
0.044 0.781
1.176 -0.458
-0.870 0.480
0.008 -1.648
-0.914 1.953
1.027 -0.678
-1.654 0.937
1.072 -0.914
-1.631 0.479
0.977 -1.366
-0.796 0.550
0.177 -0.677
-0.210 1.163
0.518 -0.512
-0.188 0.630
-0.102 -0.422
-1.036 1.305
0.825 -2.026
-1.298 -0.038
0.672 -1.576
-0.343 0.515
0.994 -0.749
-1.359 0.218
1.013 -0.700
-0.497 0.674
-0.077 -0.675
-0.433 2.160
1.075 -1.384
-1.190 1.451
1.763 -0.675
-0.894 0.606
0.986 -1.931
-0.753 0.731
1.134 -0.585
-0.648 1.521
0.545 -1.275
-1.027 0.994
1.287 -0.609
-1.040 0.860
1.746 -0.441
-1.044 -0.064
0.356 -0.878
-0.490 2.138
0.497 -0.804
-1.379 1.396
0.986 -1.372
-0.654 0.573
0.476 -1.256
-2.029 1.519
1.347 -1.218
0.161 1.825
1.197 -0.771
-0.643 0.436
1.303 -0.799
-1.441 0.827
1.318 -0.544
-1.356 0.770
0.768 -0.840
-0.791 0.484
1.443 -1.534
-1.151 1.877
1.879 -0.816
-1.745 0.409
1.407 -1.286
-0.146 1.513
1.151 -1.079
-1.136 1.242
0.978 -1.163
-0.719 1.450
1.060 -0.854
-0.797 1.060
1.021 -1.148
-1.001 0.946
1.268 -0.833
-0.264 0.671
0.542 -1.806
-1.172 1.276
0.119 -0.268
-0.939 0.169
0.934 -0.644
-0.796 1.372
1.053 -1.263
-0.673 1.705
1.463 -1.682
-0.524 1.174
1.282 -1.216
-1.052 0.194
0.324 -1.270
-1.407 1.357
0.577 -1.621
-0.432 0.927
1.293 -0.960
-1.385 1.176
1.035 -0.894
-1.123 0.977
0.679 -0.738
-1.372 1.504
1.143 -0.758
-1.220 1.086
1.162 -0.892
-0.813 0.699
1.304 -2.215
-1.275 1.284
1.052 -1.042
-1.479 0.963
1.406 -0.689
-0.591 1.922
0.615 -0.999
-1.701 0.340
0.890 -0.883
-0.395 1.810
1.290 -0.745
-1.490 1.141
1.142 0.071
-1.237 0.505
-0.182 -0.953
-0.988 0.875
0.150 -0.938
-1.022 -0.043
1.906 -0.933
-1.422 0.367
0.833 -1.629
-1.441 1.260
-0.286 -0.993
-1.936 1.387
1.245 -0.897
-1.784 0.771
1.017 -0.906
-0.710 0.423
0.635 -1.540
-1.399 0.828
1.260 -1.049
-2.381 0.768
0.606 -1.596
-0.043 1.158
0.752 -1.436
-0.152 1.647
1.054 -1.892
-1.153 1.731
0.696 0.267
-1.066 0.552
1.075 -0.623
-1.621 0.460
1.006 -1.163
-1.079 0.117
2.168 -0.726
-1.422 1.597
1.350 -0.922
-1.563 1.141
1.433 -1.323
-1.196 1.539
1.067 -0.443
-0.728 1.119
1.442 -0.378
-1.711 0.667
1.628 -0.699
-0.071 0.953
1.136 -1.120
-1.618 1.852
-0.839 -1.227
-0.882 0.930
0.557 -0.739
-2.081 1.797
1.711 -0.922
-0.137 0.055
1.651 -1.247
-2.082 0.990
1.164 -1.008
0.107 0.415
1.005 -1.831
-0.770 1.613
1.272 -1.250
-0.361 2.478
1.121 -0.037
-1.784 0.731
1.551 -0.910
-0.775 0.205
1.086 -1.685
-0.525 0.890
0.566 -0.960
-0.105 1.544
0.711 -1.078
-1.022 0.622
0.280 -0.801
-1.345 0.610
0.857 -0.777
-1.609 0.311
0.468 -0.552
-0.714 1.144
1.363 -0.554
-0.476 0.115
1.500 -1.082
-0.022 0.881
1.800 -0.606
-0.968 0.894
1.192 -0.208
-0.699 1.614
0.358 -0.630
-1.348 0.689
1.265 -0.895
-0.960 0.664
1.340 -0.856
-0.885 0.053
0.346 -1.224
-0.686 0.813
1.473 -0.850
-0.637 0.010
1.297 -2.426
-0.928 1.325
0.430 -0.192
-1.218 1.470
1.189 -0.099
-1.205 1.863
2.003 -0.708
-0.885 0.311
1.182 -1.146
-1.260 1.088
0.740 -0.043
-2.288 0.448
1.059 -1.025
-1.209 0.395
0.129 -0.915
-0.876 1.562
1.781 -0.644
-1.543 0.582
1.484 -1.161
-0.854 0.969
2.499 -0.977
-1.364 0.286
1.311 -1.514
-1.226 1.518
1.553 -0.194
-0.100 0.624
0.497 -1.608
-0.927 1.229
0.526 -0.876
-0.862 0.850
2.008 -1.320
-0.963 0.327
0.952 -0.346
-0.369 1.272
0.585 -1.959
-0.972 1.011
1.017 -0.893
-0.834 1.640
1.443 -1.705
-2.031 0.951
1.195 -1.509
-1.180 1.348
0.522 -1.173
-0.784 0.761
0.881 -0.436
-0.987 0.827
1.311 -0.877
-0.644 1.732
1.155 -1.623
-0.705 1.438
2.027 -1.057
-1.783 0.962
0.663 -0.985
-1.000 1.438
1.895 -1.172
-1.255 0.151
1.697 -1.603
-1.169 1.420
1.819 -1.572
-0.629 0.490
0.828 -1.840
-0.396 1.113
1.040 -0.451
-1.829 -0.127
1.021 -1.080
-0.471 0.907
0.063 -1.956
-1.909 0.965
0.017 -1.481
-1.258 0.808
1.819 -0.955
-2.498 1.570
0.651 -1.373
-1.112 1.543
0.019 -0.543
-1.818 1.960
1.085 -1.445
-0.731 1.594
1.551 -0.357
-0.766 1.100
1.809 -1.727
-0.496 1.375
1.842 -0.828
-1.398 0.567
1.116 -0.517
-1.026 0.907
1.929 -1.691
-1.688 0.702
0.782 -0.863
-0.294 1.085
0.993 -1.110
-1.634 0.849
0.610 -0.251
-0.698 1.292
0.780 -1.942
-0.453 0.675
0.992 -1.425
-1.669 0.832
1.526 -0.782
-0.829 0.538
1.706 -0.543
-1.707 0.730
0.761 -1.092
-0.705 0.275
0.862 -0.908
-0.625 0.768
-0.104 -1.233
-1.110 0.981
0.470 -0.432
-0.882 1.056
0.258 0.452
-0.118 0.192
0.422 -0.521
0.245 0.584
0.791 -1.386
-0.820 1.251
0.740 -0.636
-0.796 0.820
0.910 -1.100
-1.132 0.562
1.131 -0.990
-0.101 0.552
0.511 -0.733
-0.875 1.143
1.321 -1.782
-0.220 1.265
-0.448 -1.629
-1.367 1.055
0.390 -1.437
-0.990 1.336
1.432 -0.826
-0.866 0.696
0.934 -0.115
-0.992 0.961
0.775 -1.445
-0.879 0.376
0.912 -1.360
-0.255 1.122
0.522 -0.738
-2.280 0.824
1.107 -0.704
-0.829 0.669
1.124 -2.636
-0.970 1.026
0.767 -0.400
-1.659 0.781
1.160 -1.113
-1.065 0.964
0.879 -1.126
-1.553 1.974
1.146 -0.895
-1.510 1.351
-0.263 -1.286
-0.266 0.270
1.204 -1.612
-0.842 1.322
1.051 -1.007
-1.546 0.305
1.108 -0.706
0.101 1.087
0.814 -1.244
-0.886 1.089
0.478 -0.977
-1.002 0.980
1.385 -1.227
-1.075 -0.078
2.205 -1.117
-1.075 0.738
1.548 -1.571
-1.033 1.645
0.409 -0.876
-1.156 0.921
0.437 -0.811
-0.611 0.923
0.196 -0.873
-1.835 0.264
0.364 -0.712
-0.935 0.868
0.292 -1.680
-1.328 0.821
0.343 -1.382
-1.049 1.362
1.766 -0.442
-1.197 0.416
0.842 -1.396
-1.207 0.923
1.976 0.189
-1.032 1.223
0.827 -2.004
-0.569 1.200
1.737 -1.661
-1.019 0.722
1.238 -0.451
-0.744 0.965
1.211 -1.694
-1.274 0.198
0.936 -1.217
-1.388 1.169
1.284 -1.062
-0.519 1.060
0.789 -1.216
-1.249 1.158
1.224 -0.955
-1.487 0.453
1.053 -0.237
-0.083 1.175
1.404 -1.539
-1.707 1.383
1.051 -1.610
-1.314 0.290
0.613 -0.548
-1.072 1.221
1.123 -0.962
-1.413 0.641
0.985 -0.840
-1.635 1.449
0.708 0.228
-0.958 2.366
0.919 -1.686
-1.100 1.460
1.303 -1.086
-0.923 0.857
1.606 -0.796
-0.962 0.774
0.488 -0.867
-1.279 0.999
1.214 -0.847
0.198 1.385
0.726 -1.049
-1.363 1.199
0.907 -1.927
-1.025 0.649
1.956 -2.105
-1.415 1.742
0.938 -0.864
-0.673 0.855
0.927 -0.217
-0.524 0.445
1.199 -1.328
-0.792 0.502
1.762 -0.623
-0.377 0.928
1.975 -0.970
-1.037 1.337
1.244 -0.610
-1.560 1.277
1.218 -0.733
-1.362 0.796
1.244 -0.497
-1.454 0.906
0.195 -0.619
-0.726 1.146
1.217 -0.389
-1.077 1.137
1.385 -0.621
-2.015 1.450
1.193 -1.001
-1.276 1.718
1.728 -1.069
-1.039 0.172
0.276 -0.752
-1.021 1.546
0.852 -0.980
-1.158 0.529
0.244 -1.939
-1.226 1.032
0.657 -0.072
-1.581 0.347
1.309 -1.390
-0.416 1.107
1.052 -0.831
-0.943 0.289
1.155 -1.229
-1.558 0.558
0.943 -0.541
-0.927 0.119
1.328 -1.111
-0.538 2.244
1.175 -1.697
-1.027 0.247
1.080 -0.300
-1.382 -0.030
1.203 -0.410
-0.514 0.780
1.939 -0.865
-1.066 1.111
1.266 -0.881
-0.207 1.083
1.388 -0.730
-0.832 0.457
0.908 -1.563
-0.800 1.140
1.137 -1.148
-1.569 0.737
0.073 -0.807
-0.877 2.215
0.066 -0.638
-0.436 0.270
1.904 -0.382
-0.373 0.930
-0.418 0.080
-0.973 0.330
2.080 -0.244
-0.610 1.613
0.808 -0.566
-1.067 1.088
0.916 -0.140
-1.331 1.495
1.682 -0.667
-0.857 0.771
0.722 -1.165
-0.458 1.010
0.128 -0.536
-0.463 0.315
1.157 -0.262
-1.760 0.840
1.094 -1.070
-0.628 1.964
0.764 -0.993
-0.552 -0.065
0.663 -0.099
-0.698 0.475
1.329 -0.570
-0.897 0.460
1.223 -1.289
-0.959 0.242
1.274 -0.743
-0.814 0.868
0.358 -2.099
-0.941 0.833
0.758 -0.543
-1.437 0.926
0.341 -1.866
-1.829 0.507
1.697 -1.261
-1.465 1.000
1.044 -0.944
-1.577 2.122
0.542 -1.321
-0.546 1.822
1.058 -1.044
-0.922 1.328
1.052 -0.815
-0.874 0.774
0.710 -1.497
-1.098 0.747
1.202 -0.056
-1.853 0.861
0.539 0.207
-0.670 2.200
1.184 -1.018
-0.444 0.885
1.363 -0.813
-1.474 0.269
0.042 -0.426
-0.748 0.989
1.333 -1.329
-1.559 0.642
1.590 -1.372
-1.662 1.354
0.238 -1.365
-0.697 1.477
1.584 -1.207
-1.203 0.778
0.522 -1.795
-0.541 1.102
1.016 -0.879
-0.882 0.868
0.849 -1.507
-0.298 -0.053
0.226 -1.202
-1.192 -0.324
0.025 -1.674
-0.717 1.951
1.551 -1.176
-0.485 0.951
1.683 -0.976
-1.734 1.238
1.647 -1.367
-0.973 1.676
0.771 -0.465
-1.688 0.963
1.194 -0.336
-1.276 1.324
0.317 -0.761
-1.015 1.674
0.925 -1.709
-0.531 0.990
0.785 -1.246
-1.665 1.646
1.085 0.127
-2.122 1.435
1.700 -0.694
-0.852 1.540
1.234 -0.789
-0.930 1.321
1.293 -0.555
-1.359 0.573
2.074 -0.997
-0.172 0.713
1.097 -1.133
-0.749 0.797
0.077 -0.335
-0.395 1.183
1.214 -0.177
-0.470 1.100
0.879 -1.361
-1.550 1.603
1.185 -0.992
-1.381 1.090
0.723 -1.536
-0.934 0.789
1.252 -1.813
-1.023 1.478
1.445 -1.158
-1.145 1.397
-0.070 -0.664
-1.486 0.145
0.946 -1.639
-0.756 -0.283
1.363 -1.000
-1.017 0.782
1.331 -0.923
-1.346 0.653
1.340 -1.371
-0.935 1.599
0.668 -1.005
-1.121 1.065
0.802 -0.877
-1.020 1.268
0.544 -1.412
-0.951 0.607
1.570 -0.615
-1.490 1.402
1.105 -1.334
-0.335 0.028
1.488 -0.892
-0.260 1.039
0.499 -0.680
-0.474 2.030
0.802 -1.411
-1.232 2.295
1.550 -0.826
-1.121 1.294
1.167 -0.504
-1.437 1.207
0.751 -1.202
-1.400 0.490
-0.419 -1.270
-0.875 0.333
0.433 -0.817
-1.554 1.457
0.334 -0.487
-1.086 0.581
1.483 -1.101
-1.093 1.500
1.391 -1.372
-0.622 1.565
1.750 -0.709
-1.877 0.982
1.246 -1.482
-0.378 0.350
1.140 -1.214
-1.086 0.502
0.863 -1.512
-1.544 2.025
1.600 -0.967
0.288 0.948
0.310 -1.577
-0.690 0.950
0.209 -2.129
-0.893 1.873
1.143 -1.230
-0.233 0.588
0.336 -1.615
-0.875 1.356
1.237 -0.690
-0.762 0.094
1.233 -0.749
-1.295 1.014
2.152 -1.068
-0.551 1.493
0.588 -0.959
-0.300 0.481
0.854 -0.841
-0.486 1.375
1.220 -1.139
-0.911 0.571
0.505 -0.888
-0.520 2.239
0.994 -0.810
-1.058 1.096
0.846 -1.745
-1.326 0.325
0.395 -2.004
-0.586 1.207
1.346 -0.419
-0.290 0.290
1.089 -0.638
-1.980 0.927
1.248 -0.404
-1.105 1.501
1.539 0.138
-1.475 0.229
1.474 -0.306
-0.765 0.443
1.931 -0.607
-1.004 0.296
-0.071 -1.615
-0.843 1.493
0.549 -1.118
-0.372 0.471
0.601 -0.991
-0.263 1.671
0.922 -0.153
-0.641 0.681
0.699 -1.357
-0.827 0.352
1.557 -0.978
-0.906 0.500
1.373 -0.978
-0.695 0.667
0.947 -0.393
-0.627 1.058
0.880 -1.278
-1.313 1.284
1.206 -0.501
-0.548 -0.032
0.941 -0.426
-1.265 0.504
1.148 -0.723
-0.419 1.434
0.521 -1.116
-1.477 1.061
1.545 -0.848
-0.253 0.503
1.422 -0.737
-1.262 0.622
0.818 -0.058
-1.182 0.691
0.135 -1.273
-0.411 1.714
1.531 -1.066
-1.160 1.120
1.778 -0.483
-0.757 1.518
0.841 -1.237
-0.818 1.760
0.699 -0.403
-1.477 0.718
0.511 -1.065
-1.101 0.895
1.305 -1.215
-0.545 1.628
0.711 -1.174
-0.821 1.834
1.213 -0.929
-0.815 0.724
1.575 -0.802
-0.820 1.665
1.118 -1.593
-0.738 0.158
0.711 -0.837
-0.622 0.546
0.135 -0.880
-1.839 1.076
1.000 -1.023
0.083 1.282
1.760 -0.675
-1.322 1.282
0.616 -1.399
-1.919 1.412
0.912 -0.401
-1.262 1.052
1.094 -1.213
-0.072 1.974
0.743 -1.937
-1.096 1.503
1.841 -0.867
-1.026 0.258
0.642 -1.742
-1.308 1.291
1.036 -0.918
-0.757 1.751
1.676 -1.162
-0.760 0.687
0.996 -2.045
-0.788 0.419
0.287 -0.975
-1.396 1.390
0.591 -0.734
-0.361 1.322
0.821 -1.600
-2.390 1.091
1.306 -1.327
-0.868 -0.378
0.834 -0.381
-0.743 1.015
1.145 -0.762
-1.600 0.609
0.768 -1.250
-1.233 0.710
1.154 -0.743
-2.133 1.327
0.212 -0.906
-1.230 0.233
0.616 -0.587
-0.591 1.743
0.449 -1.181
-1.459 1.107
0.910 -0.493
-0.539 0.979
0.509 -0.902
-0.688 1.129
0.781 -1.215
-0.599 1.309
2.035 -2.258
-1.843 0.938
1.087 -1.307
-1.366 -0.178
0.440 -0.075
-0.044 0.992
0.908 -0.871
-1.477 1.748
0.750 -1.333
-0.700 0.907
0.589 -0.275
-0.916 1.483
2.275 -1.418
-0.869 0.911
0.932 -1.049
-0.516 0.917
1.136 -0.872
-0.928 0.374
0.570 -1.030
-0.792 1.144
1.207 -1.282
-1.060 1.019
0.848 -1.440
-0.842 1.076
1.058 -1.055
-0.959 1.621
1.821 -1.167
-0.873 -0.665
1.124 -0.604
-0.611 0.897
1.340 -1.131
-1.344 0.946
1.422 -0.834
-0.596 0.841
-0.582 -1.046
-1.202 0.785
-0.133 -1.150
-1.701 1.402
1.096 -0.620
-1.652 1.643
1.662 -1.398
-2.044 0.600
0.772 -0.719
-0.929 0.280
1.425 -1.754
-1.008 0.272
1.547 -0.888
-1.164 0.875
0.829 -1.132
-1.135 0.631
0.967 -1.285
-1.724 0.490
0.886 -1.161
-1.472 1.112
0.766 -1.798
-1.876 1.200
0.985 -1.475
-0.997 0.478
0.061 -1.046
-0.705 0.822
0.363 -1.390
-0.717 0.759
0.188 -1.882
-0.425 0.838
1.893 -1.090
-0.492 0.455
1.654 -1.388
-0.890 1.622
0.576 -0.772
-0.829 0.386
1.046 -1.202
-1.210 0.489
1.526 -0.826
-0.701 0.916
0.754 -0.788
-1.156 1.468
1.261 -0.191
-1.295 0.630
1.193 -0.573
-0.347 0.585
0.634 -1.252
-1.074 1.009
1.071 -0.411
-0.378 0.746
1.215 -0.890
-1.183 0.988
1.640 -0.932
-1.492 0.636
1.127 -0.057
-0.805 0.290
1.056 -0.699
-1.217 1.073
1.188 -1.009
-1.013 1.642
0.600 -1.282
-0.471 2.070
-0.100 -1.770
-1.081 0.738
0.266 -2.124
-0.707 1.078
1.040 -1.275
-0.547 0.531
1.598 -1.121
-0.791 0.537
1.121 -1.853
-0.300 1.557
1.264 -1.734
-0.651 1.513
0.929 -0.818
0.062 0.472
0.108 -0.513
-0.796 0.201
0.271 -2.000
-1.052 0.361
1.015 -1.513
-0.465 0.896
1.201 -1.266
-0.311 1.740
0.335 -1.688
-1.503 0.453
1.650 -0.682
-1.709 0.566
0.481 -0.652
-1.384 0.025
0.749 -0.210
-1.540 0.374
0.352 -0.830
-1.000 0.843
1.578 -1.069
-0.558 0.878
0.923 -0.415
-0.634 1.497
0.669 -0.813
-0.529 0.820
1.642 -1.147
-0.863 2.565
0.844 -1.454
-1.305 1.020
1.133 -1.392
-2.097 0.467
1.027 -1.181
-0.158 0.482
-0.285 -0.969
-0.703 1.470
1.324 -0.919
-0.730 1.085
0.427 -0.686
-0.907 0.694
1.875 -1.205
-0.654 0.661
2.025 -0.440
-0.865 1.015