1000
-1.006 -1.205
1.202 1.277
-0.774 -1.345
0.814 1.214
-1.183 -1.078
0.875 0.906
-1.029 -0.939
0.922 1.171
-1.130 -0.697
0.996 1.084
-0.622 -0.744
0.828 1.172
-0.913 -0.792
0.989 0.992
-0.968 -0.690
1.026 0.959
-0.930 -1.062
0.638 0.718
-1.091 -1.246
0.547 0.959
-1.213 -0.770
0.871 1.067
-1.050 -0.801
0.981 0.872
-1.120 -0.813
0.897 0.848
-0.854 -1.252
1.186 1.423
-1.036 -0.906
1.125 1.053
-0.833 -0.949
1.035 1.103
-0.826 -0.816
0.991 1.214
-1.102 -0.685
1.344 0.971
-0.892 -1.078
1.101 0.759
-1.168 -1.446
0.978 1.490
-0.772 -0.537
0.883 0.775
-0.971 -1.130
1.108 1.007
-1.142 -0.756
0.757 1.102
-0.971 -1.365
0.738 0.863
-1.074 -0.979
0.815 1.322
-0.800 -0.699
0.905 0.914
-0.729 -1.168
1.428 0.875
-1.137 -0.835
0.905 1.208
-0.840 -0.752
0.545 0.867
-0.850 -1.148
0.980 1.054
-1.008 -1.079
0.969 0.996
-0.927 -1.101
0.899 1.069
-0.881 -0.855
1.155 1.171
-1.066 -0.966
1.097 0.985
-1.205 -0.996
0.754 1.199
-1.094 -0.952
0.958 1.043
-1.146 -1.065
1.221 1.356
-1.004 -1.074
1.016 0.775
-1.084 -1.041
1.038 1.038
-0.898 -0.942
0.640 1.097
-0.738 -1.146
0.915 0.816
-0.899 -1.182
1.254 1.152
-1.068 -0.952
0.994 1.068
-0.663 -0.749
1.017 0.853
-1.189 -0.979
1.215 0.935
-0.947 -0.990
0.905 1.049
-0.980 -1.029
1.073 0.855
-0.785 -1.014
1.308 0.709
-0.882 -0.994
1.034 0.811
-1.277 -1.320
0.755 1.050
-1.111 -0.789
0.884 0.899
-0.961 -0.437
1.250 1.092
-1.222 -0.946
0.677 0.819
-0.893 -1.058
0.860 1.099
-0.961 -1.152
1.015 1.013
-1.671 -0.931
0.896 1.138
-1.165 -0.744
0.806 0.952
-1.146 -1.351
0.843 1.321
-0.795 -1.248
0.895 0.993
-0.865 -1.386
0.634 0.892
-1.092 -1.101
1.203 1.005
-1.023 -0.843
0.930 0.727
-0.858 -0.877
1.001 1.055
-1.091 -1.015
0.790 0.844
-1.200 -1.140
0.899 1.092
-0.853 -1.043
1.116 1.135
-0.888 -1.476
1.206 1.033
-1.233 -1.119
0.999 1.093
-1.085 -1.047
0.881 1.049
-0.988 -0.532
0.613 0.943
-0.786 -0.761
0.741 1.416
-1.058 -0.764
1.163 1.175
-0.994 -0.844
0.775 0.599
-0.771 -1.133
1.226 0.870
-0.904 -0.754
1.189 1.117
-0.919 -0.959
1.055 1.048
-0.952 -0.936
0.925 1.078
-1.026 -0.816
0.948 1.155
-1.010 -1.339
1.146 1.308
-0.955 -1.005
0.820 0.881
-1.314 -1.189
0.657 0.896
-0.653 -0.644
0.832 1.210
-1.206 -1.000
1.044 1.164
-1.114 -1.163
1.078 0.932
-1.275 -1.225
0.583 0.919
-0.894 -0.653
0.987 1.083
-0.892 -1.075
1.079 0.837
-1.413 -0.878
1.034 1.025
-1.172 -0.931
0.789 0.792
-1.014 -0.872
1.103 0.967
-1.233 -1.256
1.264 1.200
-1.131 -0.616
0.803 0.647
-1.152 -1.100
1.009 1.104
-0.983 -1.367
1.161 1.176
-0.823 -0.895
1.042 0.962
-0.951 -0.855
1.201 1.219
-0.826 -1.148
1.010 0.971
-1.218 -1.039
1.269 0.799
-0.427 -0.762
0.758 1.084
-1.076 -0.778
0.878 0.915
-1.064 -0.829
1.154 1.011
-0.901 -0.966
1.091 0.990
-1.389 -1.151
1.013 1.037
-1.170 -1.463
1.098 0.923
-0.944 -0.833
0.800 0.900
-1.049 -0.794
0.687 1.227
-1.120 -0.852
0.752 0.716
-0.990 -0.932
0.957 0.921
-1.313 -1.127
1.271 0.683
-0.875 -0.932
1.241 0.990
-1.267 -0.896
0.878 1.168
-0.990 -1.171
0.812 1.345
-1.039 -1.185
0.961 0.968
-0.779 -0.982
1.131 0.986
-1.103 -0.955
0.688 1.060
-0.829 -1.256
0.934 0.899
-0.734 -1.038
1.233 0.959
-0.834 -0.894
0.954 1.372
-0.612 -0.962
0.922 1.034
-0.963 -0.778
1.057 1.245
-0.852 -0.862
0.752 0.713
-0.983 -0.589
0.858 0.993
-0.872 -1.319
1.205 1.138
-1.001 -1.280
1.173 1.228
-1.099 -1.329
1.207 0.763
-1.076 -1.093
0.988 0.881
-0.666 -1.211
1.274 0.928
-0.892 -1.212
0.811 1.027
-1.111 -1.034
0.851 1.149
-0.976 -0.855
1.064 0.688
-1.112 -0.784
1.641 0.589
-1.066 -1.045
0.997 1.033
-1.080 -1.145
0.858 0.879
-1.216 -0.712
0.984 0.942
-0.734 -1.138
0.802 1.095
-0.589 -1.134
0.885 1.280
-0.693 -1.001
0.761 1.059
-1.371 -0.935
0.699 0.951
-1.154 -0.801
0.478 1.156
-0.908 -1.332
0.545 0.767
-0.944 -1.169
1.011 1.020
-0.970 -0.841
1.218 1.212
-1.001 -0.767
0.921 0.746
-0.851 -1.264
1.062 0.817
-0.822 -1.217
1.217 0.870
-0.742 -0.974
1.192 1.151
-0.669 -0.803
1.306 0.623
-0.932 -0.995
1.008 1.240
-0.975 -0.924
0.902 0.834
-0.832 -1.020
0.884 0.810
-1.238 -1.359
1.025 0.959
-0.909 -0.750
0.924 0.791
-1.001 -0.693
1.003 0.977
-0.901 -1.263
0.995 0.795
-0.912 -0.660
1.332 1.170
-1.130 -1.123
0.935 1.216
-1.236 -0.817
1.053 1.066
-1.320 -1.044
1.168 0.953
-1.014 -0.836
1.362 1.249
-1.168 -1.044
0.762 0.926
-1.039 -1.049
0.887 1.143
-1.430 -1.159
0.996 0.913
-0.890 -1.005
0.685 0.833
-0.708 -1.405
0.939 0.888
-1.066 -0.970
0.571 1.024
-0.798 -1.084
1.307 0.973
-1.176 -0.709
0.869 0.892
-1.421 -1.013
1.000 0.956
-1.013 -0.881
0.932 1.074
-1.096 -1.068
1.182 1.281
-0.828 -1.082
0.732 0.741
-0.761 -0.864
0.908 0.847
-0.946 -1.202
1.084 0.964
-1.023 -1.273
0.727 0.949
-1.030 -1.153
0.567 1.071
-1.148 -0.981
1.276 0.852
-1.059 -1.498
0.927 0.958
-1.044 -1.044
0.579 1.115
-0.792 -1.080
1.066 0.938
-1.422 -1.187
1.111 0.898
-0.934 -0.992
1.173 1.261
-1.020 -1.052
0.983 1.006
-0.918 -1.153
0.678 1.178
-1.050 -1.081
1.067 1.161
-0.996 -1.036
1.093 0.870
-1.246 -1.055
0.704 0.683
-1.340 -1.147
1.018 1.028
-1.036 -0.747
1.197 0.907
-0.912 -1.197
1.094 1.092
-1.160 -1.174
0.965 1.523
-0.882 -0.793
0.948 0.814
-1.046 -0.902
1.325 0.786
-0.808 -0.750
1.029 1.162
-0.948 -1.170
0.767 1.071
-1.173 -1.457
0.647 1.097
-0.850 -1.017
1.300 1.275
-0.867 -1.093
0.627 0.808
-0.825 -1.090
0.956 1.245
-0.943 -0.889
1.244 1.063
-0.867 -0.968
1.073 0.788
-1.123 -1.247
1.018 0.723
-1.127 -0.678
1.031 1.112
-1.301 -0.970
0.802 0.718
-1.044 -1.157
1.050 1.424
-1.135 -0.850
1.093 1.513
-0.821 -1.158
1.038 1.218
-1.172 -0.726
0.905 1.390
-0.767 -0.890
0.896 0.771
-0.966 -1.284
0.652 1.249
-0.754 -0.599
1.199 1.077
-1.016 -0.995
1.086 1.032
-0.787 -0.719
1.002 1.240
-1.154 -0.411
0.684 0.864
-1.228 -0.954
0.654 1.036
-0.990 -0.971
1.001 1.033
-1.401 -0.480
1.164 1.038
-1.497 -1.075
0.950 0.960
-1.083 -1.176
0.913 1.089
-0.984 -0.742
1.109 1.262
-0.868 -0.704
1.090 0.983
-1.210 -1.099
0.990 0.620
-0.910 -1.057
0.659 1.245
-1.053 -0.989
0.800 0.975
-1.219 -0.722
1.189 1.263
-1.021 -0.983
0.892 1.019
-0.776 -0.940
1.473 1.274
-1.164 -1.125
0.864 0.826
-0.720 -1.041
0.966 1.232
-0.794 -1.325
1.382 0.977
-1.075 -0.821
1.494 0.614
-1.098 -1.195
1.294 0.762
-1.162 -0.913
0.575 1.016
-1.311 -1.566
1.113 1.260
-0.741 -1.166
1.116 0.891
-0.692 -1.167
0.850 1.033
-1.142 -1.173
0.927 1.097
-1.100 -0.964
0.997 0.676
-1.263 -0.675
1.143 1.026
-0.983 -0.791
0.860 1.025
-1.231 -1.097
0.984 0.941
-1.014 -0.914
1.029 0.742
-1.260 -1.132
1.232 0.863
-0.857 -1.316
1.037 1.144
-0.717 -0.941
0.945 0.927
-1.092 -1.222
0.967 0.718
-0.641 -1.262
0.817 0.912
-1.031 -1.051
1.089 0.853
-1.238 -0.553
1.205 1.128
-1.074 -1.255
1.157 0.737
-1.214 -1.132
0.725 1.038
-1.172 -1.121
0.864 1.304
-0.782 -1.180
0.817 0.971
-0.583 -1.157
0.917 1.018
-1.017 -0.944
0.620 1.075
-1.066 -0.992
0.992 0.890
-1.167 -0.745
1.123 0.769
-1.330 -0.971
0.954 1.053
-1.245 -0.978
1.429 1.054
-0.941 -1.207
1.036 1.295
-0.879 -0.896
1.311 1.036
-1.210 -1.288
1.043 1.075
-1.521 -0.895
1.030 1.092
-1.087 -0.879
0.849 0.837
-1.037 -1.044
1.118 1.155
-1.031 -1.092
0.964 0.656
-0.802 -1.202
0.794 0.910
-1.117 -0.629
1.228 0.947
-1.173 -1.051
0.754 0.943
-0.761 -1.145
0.661 1.194
-1.048 -0.963
0.928 1.002
-1.014 -0.885
1.358 0.980
-0.897 -1.267
0.974 1.135
-1.119 -0.859
1.372 0.891
-1.338 -1.221
0.982 0.647
-0.815 -1.193
1.271 0.876
-1.011 -0.861
1.241 1.322
-0.713 -0.844
1.015 1.016
-1.233 -1.129
0.659 0.958
-1.224 -1.106
1.170 1.140
-0.933 -1.098
1.205 1.005
-1.170 -0.959
1.170 0.923
-0.967 -1.081
1.013 1.082
-1.072 -1.233
0.881 0.822
-0.903 -1.174
1.066 1.207
-1.134 -0.972
1.032 1.292
-0.890 -0.956
0.907 1.103
-0.931 -1.047
0.895 1.467
-0.685 -1.270
0.817 1.019
-1.224 -1.112
0.938 0.911
-0.979 -1.230
1.028 0.809
-1.026 -1.320
0.875 0.782
-0.953 -0.743
0.652 0.877
-1.029 -0.915
0.729 1.205
-1.099 -0.880
0.835 1.088
-1.042 -0.965
0.983 1.007
-0.146 -1.081
1.139 0.837
-0.847 -1.062
1.427 0.890
-0.907 -1.032
1.301 1.122
-1.201 -1.069
1.082 1.044
-0.787 -0.955
1.052 1.163
-0.942 -1.038
1.015 1.262
-1.010 -0.967
1.179 0.594
-0.941 -1.092
1.374 1.039
-1.166 -1.194
1.169 1.208
-1.369 -0.836
1.131 1.183
-0.821 -0.758
1.363 0.907
-1.123 -1.004
1.095 1.347
-0.873 -0.628
1.096 1.104
-1.088 -1.130
1.168 0.994
-1.007 -0.774
1.373 0.830
-1.196 -1.018
0.994 0.811
-1.032 -1.227
1.188 1.393
-0.629 -0.844
1.080 0.879
-1.120 -1.189
0.903 1.254
-1.105 -0.834
1.149 1.323
-1.224 -1.115
1.084 1.302
-1.209 -1.325
1.159 1.003
-0.837 -1.101
0.869 0.933
-0.911 -0.836
1.218 1.379
-0.864 -1.085
1.270 0.929
-1.045 -0.747
0.759 1.107
-1.177 -0.985
0.978 1.072
-0.644 -0.770
1.138 0.599
-0.935 -1.245
1.081 1.450
-0.739 -0.928
0.778 1.059
-1.281 -0.659
1.079 0.691
-0.809 -0.932
1.144 1.299
-1.160 -0.933
1.111 1.303
-0.807 -0.927
0.977 0.964
-1.048 -0.910
1.251 0.964
-1.252 -0.965
0.762 1.114
-0.835 -0.952
1.025 1.305
-0.942 -0.749
0.788 0.850
-0.684 -1.116
1.169 1.204
-1.071 -0.731
1.094 0.952
-1.261 -0.915
0.899 0.925
-0.925 -1.183
0.974 1.086
-1.441 -0.502
1.067 1.152
-1.269 -0.997
1.228 1.284
-0.992 -0.680
1.074 0.786
-1.081 -0.772
0.693 0.884
-1.102 -1.249
1.389 1.284
-1.303 -1.143
0.913 0.808
-0.908 -1.092
0.889 1.467
-0.866 -0.981
0.840 1.466
-1.326 -0.900
0.831 1.273
-1.363 -1.034
0.932 0.993
-1.010 -0.848
1.284 0.391
-1.207 -0.751
1.140 0.785
-1.342 -1.202
0.846 1.047
-1.040 -1.264
0.909 0.806
-0.742 -1.347
1.247 0.921
-1.214 -0.841
1.075 0.768
-1.026 -0.628
1.034 1.094
-0.955 -0.790
0.967 0.783
-0.969 -1.178
0.925 0.964
-1.183 -1.099
1.002 1.056
-1.318 -0.505
0.512 1.125
-1.038 -1.162
1.004 1.245
-0.787 -0.991
0.706 0.815
-1.159 -0.875
0.593 1.107
-0.792 -0.719
1.049 1.436
-0.759 -1.372
1.103 1.199
-0.896 -1.020
1.061 1.195
-1.081 -1.177
1.051 0.702
-0.907 -0.984
0.918 0.759
-1.102 -1.049
1.018 0.787
-1.124 -0.841
0.614 1.134
-1.212 -1.120
1.068 1.158
-1.125 -1.270
0.889 1.181
-1.285 -0.900
0.444 0.985
-1.100 -1.045
1.195 1.093
-1.038 -1.227
0.970 1.043
-0.985 -0.923
1.110 0.881
-1.463 -1.359
0.803 0.712
-1.221 -0.928
1.018 0.941
-1.203 -0.818
0.922 0.993
-1.138 -0.772
1.140 0.507
-0.645 -0.964
1.041 0.628
-0.844 -1.228
1.123 1.131
-1.142 -0.724
1.116 0.990
-1.053 -1.057
1.121 1.031
-1.478 -0.848
0.899 1.181
-0.863 -1.014
0.379 0.962
-0.932 -0.847
1.457 0.973
-0.892 -1.158
0.977 0.764
-0.600 -0.795
1.220 0.843
-0.991 -0.734
0.747 0.884
-1.154 -1.226
0.936 1.035
-1.458 -1.196
1.121 0.964
-1.255 -0.977
1.172 1.124
-0.939 -0.745
0.648 1.403
-1.127 -0.876
1.003 0.929
-1.390 -0.900
0.853 0.850
-1.004 -1.346
1.047 0.981
-0.931 -0.818
0.848 1.147
-1.032 -1.302
0.571 1.454
-1.323 -1.094
0.941 1.002
-1.001 -0.828
0.850 0.973
-1.180 -0.527
0.795 1.125
-1.097 -0.972
0.958 1.233
-1.024 -1.197
0.812 0.970
-0.759 -0.921
0.962 1.240
-1.526 -0.651
1.191 1.359
-1.063 -0.974
0.702 1.335
-1.128 -1.317
0.946 0.837
-1.099 -0.878
1.108 1.277
-1.018 -1.238
1.018 0.552
-1.008 -0.622
0.896 0.648
-0.955 -0.957
1.116 1.387
-0.784 -1.406
1.200 1.241
-1.006 -1.092
0.895 1.001
-1.045 -1.054
1.178 1.165
-1.140 -1.034
0.655 0.833
-1.121 -0.753
0.984 0.731
-0.996 -1.084
1.106 1.058
-0.966 -0.965
0.885 0.822
-1.452 -0.883
1.328 1.025
-0.952 -1.073
0.828 1.183
-0.709 -1.110
0.913 0.879
-1.052 -0.791
1.015 0.930
-0.624 -1.077
1.081 1.064
-0.732 -1.098
1.005 1.218
-1.231 -0.764
0.842 0.804
-0.941 -1.139
1.021 0.663
-1.105 -0.692
0.923 0.805
-0.889 -1.306
1.276 1.009
-0.825 -0.855
0.935 0.777
-1.111 -0.891
1.022 1.046
-1.244 -1.178
0.778 0.838
-0.996 -1.012
1.118 1.069
-0.930 -0.603
1.368 0.723
-1.006 -1.012
0.938 0.885
-0.991 -0.814
0.862 1.129
-0.753 -1.408
0.814 1.363
-1.035 -1.136
1.217 1.048
-1.236 -1.375
0.902 0.585
-0.801 -1.108
0.706 0.706
-1.048 -1.008
1.339 0.830
-0.781 -1.014
1.241 0.936
-1.312 -1.173
1.234 1.045
-1.299 -0.809
0.735 1.105
-0.800 -0.715
1.028 1.390
-1.060 -0.734
1.164 1.054
-1.165 -0.956
1.024 0.872
-0.978 -0.854
1.125 1.338
-0.952 -1.313
0.782 1.418
-0.742 -1.002
1.027 1.005
-0.652 -0.708
0.815 0.726
-1.017 -0.880
1.136 0.776
-0.680 -1.006
1.137 0.959
-0.807 -1.070
0.691 1.062
-0.826 -0.941
1.036 0.940
-0.737 -0.813
0.906 1.125
-1.397 -1.123
1.028 1.266
-1.052 -0.895
1.144 1.227
-0.859 -0.449
1.111 1.215
-1.088 -1.335
1.231 1.082
-0.940 -1.236
1.031 1.059
-0.766 -1.392
0.908 0.821
-1.400 -1.108
1.023 0.953
-0.788 -1.020
0.856 0.825
-1.104 -0.909
1.043 0.846
-0.590 -0.994
0.759 1.214
-1.028 -0.946
0.990 1.202
-0.834 -0.919
1.058 1.100
-0.770 -0.917
0.970 0.992
-0.962 -0.897
0.837 1.158
-0.686 -1.141
1.087 0.815
-1.139 -0.980
0.794 0.845
-1.287 -1.198
0.826 0.814
-0.826 -0.715
0.827 0.729
-1.329 -1.092
0.847 0.826
-0.939 -1.137
1.329 0.968
-0.788 -1.117
0.857 0.940
-0.632 -0.939
1.284 0.701
-1.232 -1.251
0.699 1.168
-0.970 -1.132
0.869 1.004
-1.039 -1.093
0.958 0.935
-0.923 -1.430
0.954 0.625
-1.070 -1.004
0.932 0.925
-0.945 -0.899
1.323 0.795
-1.085 -1.064
0.701 1.093
-0.954 -0.892
1.070 0.688
-0.964 -0.937
0.921 1.447
-0.987 -0.930
1.075 0.839
-0.865 -1.104
1.037 1.002
-0.993 -1.053
0.978 1.047
-0.927 -0.846
1.111 1.315
-1.100 -1.196
1.121 1.412
-1.099 -1.186
0.713 1.168
-1.005 -1.059
1.218 1.480
-0.872 -1.144
0.929 0.995
-1.098 -0.743
0.842 1.301
-0.971 -0.805
0.978 1.187
-0.808 -1.127
0.931 1.025
-0.480 -1.111
0.877 1.273
-1.117 -0.824
0.941 0.918
-1.030 -1.016
1.066 0.712
-0.719 -1.070
1.106 1.147
1.065 -1.226
-1.041 1.123
1.108 -0.903
-0.962 1.343
1.136 -0.789
-1.348 1.276
0.536 -0.790
-0.959 0.747
0.769 -0.721
-1.110 0.977
1.436 -1.028
-0.595 1.080
1.077 -0.811
-1.080 0.783
1.132 -0.752
-0.950 1.432
0.973 -1.103
-1.254 1.124
0.870 -0.823
-0.968 1.019
1.238 -0.522
-1.230 1.054
1.289 -1.162
-0.862 0.797
1.003 -1.034
-1.109 0.859
1.026 -0.751
-1.056 0.916
0.915 -0.996
-1.334 0.837
0.918 -0.894
-1.167 1.240
0.743 -1.098
-0.788 0.796
1.019 -1.047
-1.228 1.207
1.003 -1.341
-0.963 0.998
1.071 -1.012
-0.857 1.066
1.035 -0.924
-1.241 1.327
1.106 -0.789
-1.085 0.826
1.257 -0.913
-1.229 0.906
1.107 -0.524
-1.287 0.840
1.032 -0.735
-1.231 1.040
1.002 -0.879
-1.119 1.294
0.831 -1.021
-0.887 1.084
0.958 -0.884
-1.136 0.593
0.946 -0.853
-1.148 0.944
0.807 -0.879
-1.161 1.332
0.890 -1.197
-0.960 1.122
0.858 -1.080
-1.045 1.010
1.250 -1.304
-1.021 0.957
0.711 -1.056
-0.770 0.827
1.210 -0.866
-1.335 0.969
0.862 -0.926
-0.986 0.945
1.023 -0.959
-1.075 0.731
0.983 -1.078
-1.292 1.035
0.879 -0.839
-0.849 0.979
1.059 -0.781
-1.032 0.810
0.854 -0.818
-1.086 1.115
1.227 -0.846
-0.915 0.914
0.993 -1.266
-0.911 0.514
1.049 -0.860
-0.910 1.112
1.230 -0.920
-0.746 0.922
1.017 -1.123
-0.879 0.693
1.127 -0.918
-1.294 1.097
1.180 -0.903
-1.074 0.933
1.112 -0.948
-0.999 1.275
0.818 -0.777
-0.858 1.095
0.867 -0.932
-1.128 1.077
0.867 -0.706
-0.929 1.018
0.883 -0.958
-0.972 1.123
1.212 -0.819
-0.667 0.916
0.919 -1.122
-1.098 1.017
1.292 -0.904
-1.178 1.292
1.204 -1.095
-1.136 0.959
0.765 -0.692
-1.181 0.943
0.948 -1.379
-1.165 0.909
0.844 -0.893
-1.132 0.640
0.682 -1.210
-0.895 0.799
0.942 -1.394
-0.963 0.994
1.118 -0.874
-0.968 0.987
0.897 -0.857
-0.973 0.776
1.181 -1.213
-0.957 1.136
1.098 -0.871
-0.895 1.207
1.370 -0.850
-1.121 0.686
1.171 -1.035
-0.993 1.059
0.785 -1.171
-0.659 1.053
1.316 -1.255
-1.415 1.187
0.986 -1.026
-0.899 1.211
1.423 -1.019
-0.493 1.106
0.982 -0.995
-0.670 1.323
1.046 -0.887
-1.155 1.111
0.844 -0.441
-0.384 1.183
1.085 -1.220
-1.311 0.984
0.926 -0.715
-0.586 1.220
1.054 -1.062
-0.708 1.414
0.747 -0.711
-0.957 0.799
1.007 -1.233
-0.866 0.759
1.083 -0.875
-0.993 1.051
1.216 -1.357
-1.016 0.417
1.185 -1.094
-0.750 1.188
1.201 -1.163
-1.133 1.112
1.118 -1.153
-1.214 0.962
0.917 -0.783
-0.758 1.183
0.739 -0.853
-0.851 0.897
0.896 -1.062
-0.961 1.129
0.932 -1.325
-1.212 1.072
1.149 -0.761
-1.125 0.959
0.937 -1.369
-1.243 0.863
1.000 -0.837
-0.576 0.839
0.483 -1.274
-0.713 1.078
0.900 -1.177
-0.972 0.891
1.065 -0.909
-1.330 0.885
1.357 -1.116
-0.876 1.209
1.122 -1.240
-0.646 1.062
1.260 -0.981
-0.653 1.095
1.192 -0.794
-1.404 1.275
0.915 -1.094
-0.639 1.143
0.842 -0.903
-0.961 1.111
0.971 -1.120
-0.782 0.914
0.597 -1.255
-0.823 0.952
0.948 -1.158
-0.888 1.110
1.133 -1.066
-1.051 0.787
0.659 -1.201
-1.075 1.177
1.053 -0.862
-1.179 0.939
0.726 -0.757
-1.029 0.685
1.088 -0.421
-0.805 1.212
1.140 -0.800
-1.330 1.184
0.807 -0.806
-1.161 0.655
1.078 -0.749
-0.844 1.061
0.944 -0.779
-1.140 0.967
0.991 -1.118
-0.957 0.646
1.119 -1.194
-0.950 1.275
0.857 -1.499
-0.647 0.809
1.130 -0.848
-1.004 1.214
0.768 -1.253
-0.926 1.266
0.774 -1.110
-0.953 0.955
0.827 -0.907
-1.201 1.146
0.499 -0.559
-1.278 1.381
1.069 -0.655
-1.185 1.251
0.957 -0.727
-0.958 1.237
1.246 -0.686
-1.098 1.010
0.817 -1.390
-0.935 0.922
0.757 -0.858
-0.873 0.632
0.858 -1.195
-0.935 1.057
1.072 -1.178
-1.046 1.094
1.065 -0.862
-1.156 0.620
0.823 -0.770
-1.032 1.265
0.786 -1.223
-1.176 0.874
0.777 -0.955
-1.132 1.076
0.881 -0.949
-1.165 1.210
1.167 -0.494
-0.793 1.012
1.071 -0.972
-0.780 1.113
1.276 -0.845
-1.141 1.158
0.952 -0.915
-1.028 1.041
0.973 -1.214
-1.276 0.779
0.974 -0.741
-1.255 0.902
0.816 -0.905
-1.290 1.322
0.745 -0.611
-0.745 0.734
1.079 -1.216
-1.081 1.009
1.150 -0.979
-0.670 0.767
0.977 -0.816
-0.797 0.784
1.060 -0.808
-1.015 0.943
0.730 -0.927
-0.982 0.638
0.856 -1.397
-0.830 0.971
0.886 -1.596
-0.733 0.664
0.941 -1.128
-0.955 0.998
0.961 -1.344
-1.057 0.810
0.860 -1.227
-1.205 1.465
1.219 -0.885
-1.155 0.905
1.019 -0.873
-0.773 0.630
1.233 -0.715
-0.801 0.944
1.161 -0.729
-1.016 1.088
1.290 -0.775
-1.306 1.132
0.882 -1.069
-1.110 0.950
1.113 -0.962
-1.169 1.457
0.988 -0.896
-1.301 1.043
1.055 -1.239
-1.150 1.082
0.867 -0.932
-1.131 1.061
1.156 -0.927
-0.754 1.238
1.075 -0.797
-1.637 0.982
0.771 -0.772
-1.012 1.400
0.618 -0.408
-1.170 1.293
1.131 -1.151
-0.692 1.145
1.029 -0.827
-1.043 1.074
0.991 -0.772
-1.166 0.891
1.257 -1.108
-1.388 0.929
1.097 -1.158
-0.995 1.249
1.241 -1.047
-0.496 1.079
1.105 -1.193
-1.159 1.352
0.951 -1.146
-0.805 1.242
1.121 -0.877
-1.127 1.002
1.246 -1.191
-0.758 1.376
0.725 -0.604
-0.943 0.803
0.858 -0.922
-0.728 1.205
1.079 -0.769
-0.628 0.988
1.051 -0.863
-1.255 1.431
1.167 -1.187
-0.870 0.866
1.023 -1.077
-1.132 0.929
1.170 -1.034
-0.727 0.740
1.175 -1.243
-0.975 0.960
1.131 -1.433
-1.182 0.982
1.197 -1.132
-1.112 0.907
0.857 -1.170
-0.801 0.827
1.316 -0.853
-0.960 1.146
0.989 -0.670
-0.906 0.918
1.193 -0.772
-1.115 1.228
1.162 -0.844
-0.465 1.156
1.120 -0.692
-0.904 1.255
1.045 -0.726
-1.012 1.178
0.682 -1.166
-0.911 0.742
1.078 -0.937
-1.150 0.658
0.814 -0.899
-0.910 0.809
0.639 -0.958
-0.452 0.974
1.040 -0.898
-1.057 1.275
0.882 -0.804
-0.801 0.910
1.007 -0.867
-0.792 1.052
1.094 -0.927
-1.043 0.688
0.518 -1.079
-0.966 0.858
0.825 -0.927
-0.949 1.231
1.114 -0.846
-0.914 0.773
1.216 -1.319
-0.911 0.966
1.130 -1.255
-1.056 0.995
1.278 -1.381
-0.756 0.766
0.900 -1.123
-1.245 0.787
0.938 -0.870
-0.772 1.004
1.041 -1.081
-1.225 0.878
0.936 -0.981
-1.202 0.767
1.182 -1.246
-0.935 1.050
1.193 -1.311
-0.878 1.354
0.840 -0.872
-0.917 1.017
0.758 -1.323
-1.000 1.195
1.032 -0.981
-0.666 0.946
1.333 -0.866
-0.884 1.129
1.042 -0.762
-1.414 0.812
1.188 -0.969
-1.014 0.835
0.728 -0.825
-1.320 1.060
1.286 -0.795
-1.030 0.707
0.832 -0.838
-0.940 0.964
1.392 -0.854
-0.959 1.145
0.884 -0.944
-0.785 1.149
0.969 -0.819
-1.045 0.961
1.167 -1.027
-1.241 1.079
1.029 -1.057
-1.190 1.284
1.234 -0.922
-0.871 1.218
1.132 -0.891
-0.969 1.555
1.206 -0.808
-0.839 0.662
0.681 -1.335
-1.175 1.026
0.934 -1.027
-0.989 1.298
0.690 -0.943
-0.760 0.652
1.117 -0.806
-0.759 1.040
0.593 -0.576
-1.005 0.939
0.786 -0.789
-0.893 0.698
0.931 -1.206
-0.826 0.904
0.899 -1.215
-1.068 0.584
1.069 -0.951
-0.735 0.551
1.155 -1.254
-0.961 1.187
0.785 -1.272
-0.925 0.628
0.876 -1.229
-0.848 0.949
0.912 -0.816
-0.520 1.145
0.891 -1.208
-0.779 0.967
0.739 -1.034
-1.126 1.215
1.381 -0.705
-0.833 1.033
1.254 -0.929
-0.805 0.756
1.068 -0.718
-1.018 0.673
1.137 -1.223
-0.960 1.080
1.261 -1.462
-0.756 1.114
0.838 -0.500
-0.724 0.936
0.921 -0.667
-1.061 1.125
1.045 -1.317
-0.866 0.968
0.984 -1.091
-1.078 1.083
1.081 -0.831
-0.959 1.125
0.966 -1.134
-1.058 0.725
0.943 -0.696
-0.983 1.001
0.846 -0.916
-0.793 1.003
0.990 -0.960
-1.155 1.022
0.574 -0.901
-1.151 1.264
0.807 -1.140
-0.805 1.065
1.360 -1.570
-1.336 0.916
0.880 -0.819
-0.947 0.989
1.258 -1.138
-0.818 0.640
0.710 -1.111
-1.112 1.371
0.800 -0.788
-1.201 1.235
1.124 -1.095
-1.110 0.945
1.325 -1.112
-0.524 0.856
0.658 -1.102
-0.955 0.900
1.066 -1.074
-1.090 0.792
1.272 -1.144
-0.863 1.199
0.926 -1.207
-0.821 0.966
1.281 -1.237
-1.198 0.800
1.000 -0.706
-1.195 0.921
1.169 -1.136
-1.052 0.623
0.924 -1.077
-0.411 0.979
0.885 -0.918
-1.006 1.223
0.966 -1.126
-0.929 0.874
0.918 -0.667
-1.008 0.786
1.392 -0.975
-0.678 1.459
0.718 -1.241
-0.923 1.210
0.912 -0.965
-1.458 0.891
0.923 -1.138
-1.095 0.790
0.734 -0.925
-1.269 1.342
1.337 -1.046
-1.121 0.894
1.253 -0.865
-1.307 1.254
0.735 -0.902
-1.148 0.655
1.028 -1.228
-0.983 0.686
1.146 -0.716
-1.244 1.102
0.499 -0.877
-1.090 0.981
1.093 -0.952
-1.029 0.983
1.063 -1.138
-0.932 1.273
0.910 -1.018
-0.845 0.913
1.041 -0.835
-0.454 0.790
0.706 -1.346
-0.692 1.148
1.095 -0.820
-0.933 1.158
1.364 -0.893
-0.930 0.865
0.845 -0.976
-0.995 0.657
1.105 -1.021
-1.327 0.939
0.642 -1.092
-0.824 1.342
0.950 -1.025
-0.999 0.587
0.916 -0.789
-1.221 0.982
0.981 -1.171
-0.943 1.133
1.184 -0.837
-1.252 1.226
0.959 -1.003
-0.880 1.052
0.781 -0.672
-0.878 1.190
0.952 -0.741
-1.064 1.219
0.930 -0.790
-1.000 1.267
1.313 -0.593
-0.775 0.929
0.769 -0.908
-0.827 1.530
0.758 -1.035
-1.208 0.829
0.859 -0.984
-0.674 0.869
1.140 -0.872
-1.092 1.119
0.794 -0.543
-1.098 0.982
1.051 -1.145
-0.857 1.034
0.871 -1.249
-1.036 1.192
1.199 -1.081
-1.335 0.806
1.242 -0.957
-1.150 0.940
1.050 -1.069
-0.929 1.182
0.737 -0.900
-1.012 0.970
1.411 -1.016
-1.064 0.823
0.826 -0.695
-0.966 0.966
0.945 -1.429
-1.108 1.080
1.025 -0.689
-0.953 1.148
0.663 -0.970
-1.083 1.144
1.254 -1.022
-0.770 0.949
0.726 -0.776
-0.939 1.212
1.471 -1.025
-1.139 0.876
0.932 -0.992
-1.137 0.892
1.048 -0.726
-0.980 0.950
1.049 -1.204
-1.162 1.365
0.880 -1.287
-1.321 1.299
0.879 -1.016
-0.987 1.000
1.070 -0.905
-0.560 1.000
0.852 -1.014
-1.150 0.935
1.040 -0.962
-1.148 1.213
0.979 -1.073
-1.243 0.953
1.334 -0.777
-1.077 1.009
0.477 -0.948
-1.143 1.064
1.032 -0.832
-0.886 0.782
0.925 -1.201
-1.085 0.798
1.195 -0.792
-1.295 1.313
0.978 -1.081
-1.177 1.119
0.901 -0.927
-0.883 1.013
0.737 -0.962
-1.055 0.946
0.984 -0.960
-1.120 1.216
1.137 -0.937
-1.140 0.940
0.944 -1.101
-0.802 1.051
1.065 -0.982
-0.985 1.180
1.012 -1.183
-0.846 1.020
1.358 -1.447
-1.197 1.234
0.779 -0.789
-1.078 1.259
0.831 -1.088
-1.440 0.868
1.052 -0.793
-0.920 1.055
1.424 -1.198
-1.207 1.345
1.253 -1.180
-0.848 1.061
1.380 -0.718
-0.660 0.750
1.058 -1.060
-0.862 0.957
0.710 -1.127
-1.046 0.916
1.074 -0.947
-1.049 0.800
0.726 -0.705
-0.965 0.823
1.016 -1.018
-1.022 0.822
0.758 -0.859
-0.812 0.928
1.011 -0.792
-1.015 0.741
0.619 -0.576
-0.697 0.733
0.852 -0.933
-1.046 0.860
0.940 -1.235
-1.009 1.011
1.113 -0.675
-1.046 0.747
1.362 -1.285
-1.085 1.643
1.144 -1.285
-1.008 1.329
0.826 -1.189
-1.268 1.103
0.955 -0.932
-0.944 1.082
1.206 -0.904
-0.903 1.100
1.079 -1.139
-1.060 0.897
1.370 -1.282
-0.897 1.149
1.317 -0.914
-0.775 0.958
1.050 -0.840
-1.152 1.076
0.953 -1.052
-0.501 1.162
1.067 -1.031
-0.761 1.078
0.888 -1.137
-0.628 1.134
0.947 -0.845
-1.220 0.811
1.154 -1.307
-0.745 0.985
0.973 -0.699
-1.111 0.859
0.954 -1.133
-1.073 0.814
1.440 -0.998
-1.283 0.820
1.129 -0.574
-1.015 1.154
0.600 -0.753
-0.572 0.774
1.371 -0.836
-0.831 0.830
1.522 -1.328
-0.780 0.968
0.771 -1.043
-1.240 0.908
1.134 -0.595
-1.241 1.306
0.934 -1.016
-1.235 1.057
1.150 -0.915
-1.185 0.922
0.975 -1.361
-0.802 1.106
1.029 -1.223
-1.284 1.110
0.879 -1.250
-1.002 1.136
1.350 -0.928
-0.859 0.611
1.186 -0.940
-1.214 0.876
1.185 -1.203
-1.172 0.988
1.100 -1.110
-1.111 0.588
0.779 -0.705
-0.993 0.968
0.823 -1.085
-0.860 1.093
0.922 -0.770
-1.003 0.983
0.735 -1.065
-1.083 1.087
1.202 -0.864
-1.493 0.493
0.825 -1.005
-0.914 1.036
0.783 -0.768
-0.872 0.938
1.019 -0.880
-0.972 0.904
0.992 -1.187
-0.675 0.660
0.917 -0.926
-1.021 1.001
1.084 -1.170
-0.997 1.188
1.196 -1.096
-0.937 0.878
1.106 -0.784
-1.078 1.019
1.292 -1.082
-1.182 1.295
0.798 -1.188
-1.143 0.992
0.964 -1.084
-1.086 1.215
1.284 -0.960
-0.985 1.130
1.064 -0.998
-1.006 1.084
1.115 -1.064
-1.148 1.164
0.759 -0.766
-0.902 1.049
1.041 -0.919
-1.522 0.591
0.904 -0.787
-1.188 0.882
1.122 -0.989
-0.721 1.164
1.097 -1.314
-1.002 0.682
1.136 -0.752
-0.733 0.811
1.004 -1.193
-0.928 0.733
0.764 -1.194
-1.132 1.068
0.902 -1.215
-1.317 0.664
1.118 -1.476
-1.277 1.196
0.772 -0.824
-0.958 1.064
0.869 -0.890
-1.294 0.972
0.998 -0.674
-0.753 0.812
1.041 -0.849
-1.021 0.742
1.159 -0.986
-1.138 0.778
0.991 -1.046
-1.042 1.027
1.287 -0.888
-1.037 1.060
1.129 -0.645
-0.941 0.425
0.874 -0.935
-0.957 1.028
1.165 -0.249
-0.898 0.675
0.997 -1.085
-1.021 0.931
1.171 -0.669
-0.846 1.014
1.230 -0.546
-0.960 1.146
1.137 -1.074
-1.102 0.958
0.871 -0.825
-1.283 0.882
1.401 -1.200
-1.417 0.911
0.869 -1.433
-1.151 0.903
0.888 -1.138
-1.139 1.007
0.770 -1.192
-0.902 1.265
1.135 -1.211
-0.827 0.852
1.176 -0.956
-1.028 0.932
0.935 -1.081
-1.118 0.861
1.205 -0.844
-1.036 0.925
1.112 -1.089
-1.238 0.931
1.229 -1.011
-1.038 1.016
0.973 -0.833
-1.039 0.690
0.549 -1.052
-1.230 1.264
1.105 -0.704
-0.861 0.638
1.471 -0.981
-0.948 1.273
0.831 -1.135
-1.116 1.013
1.234 -0.868
-0.946 0.810
0.926 -1.001
-1.066 1.120
0.831 -1.401
-0.924 0.767
1.020 -0.739
-0.954 0.977
0.832 -1.299
-0.967 1.183
0.957 -0.911
-1.176 0.861
1.162 -1.261
-0.855 0.967
1.144 -0.973
-0.650 1.100
0.785 -1.044
-1.116 1.055
0.779 -0.716
-1.205 0.768
0.904 -0.999
-1.252 1.145
1.247 -0.710
-0.827 1.114
1.064 -0.977
-1.061 1.302
0.763 -1.185
-1.075 1.020
0.839 -0.777
-0.577 1.393
0.798 -1.234
-1.136 1.001
1.380 -1.300
-0.949 0.765
1.090 -0.735
-0.964 0.869
0.972 -1.042
-1.096 0.674
0.962 -1.130
-1.376 1.249
1.200 -0.848
-0.691 1.106
1.288 -0.979
-1.018 1.139
0.909 -0.976
-0.916 0.658
0.869 -0.959
-0.965 0.736
1.054 -0.908
-0.979 0.762
1.164 -1.170
-0.994 1.125
1.104 -1.236
-0.992 1.009
0.949 -1.018
-1.249 0.589
1.086 -0.939
-1.398 0.979
0.912 -0.940
-1.184 0.869
1.051 -1.454
-1.613 1.024
1.317 -1.350
-0.900 1.342
0.958 -0.720
-1.057 0.527
1.093 -1.126
-0.891 0.985
1.378 -0.743
-1.067 0.888
1.188 -0.525
-1.324 0.799
0.738 -1.336
-0.928 1.008
0.668 -1.119
-1.092 1.073
0.876 -1.169
-1.209 1.283
0.564 -1.213
-1.010 0.958
0.813 -1.093
-1.055 0.801
1.116 -0.933
-1.258 0.774