3000
-0.527 -0.835
0.654 -0.073
-0.591 1.092
-0.526 -0.969
0.422 -0.034
-0.238 0.966
-0.521 -1.028
0.521 -0.106
-0.554 1.205
-0.533 -0.969
0.549 -0.041
-0.396 0.969
-0.496 -1.113
0.552 0.042
-0.561 1.212
-0.501 -1.000
0.389 0.050
-0.637 1.071
-0.438 -0.757
0.419 -0.016
-0.518 1.116
-0.550 -0.880
0.519 -0.058
-0.653 1.050
-0.593 -1.229
0.619 0.211
-0.520 0.908
-0.531 -1.080
0.605 0.085
-0.521 1.122
-0.600 -0.813
0.460 0.214
-0.444 1.129
-0.568 -0.927
0.620 0.121
-0.463 0.993
-0.439 -0.940
0.332 0.190
-0.500 1.014
-0.386 -0.969
0.555 0.152
-0.598 0.969
-0.575 -1.174
0.480 -0.029
-0.414 0.983
-0.529 -1.059
0.422 0.005
-0.521 0.986
-0.496 -1.020
0.349 0.030
-0.571 1.133
-0.487 -0.899
0.534 0.156
-0.529 1.080
-0.336 -0.939
0.454 0.016
-0.372 0.785
-0.690 -0.955
0.628 0.058
-0.421 0.916
-0.580 -0.942
0.284 0.067
-0.476 1.031
-0.495 -1.144
0.628 0.002
-0.437 0.905
-0.424 -1.018
0.452 -0.106
-0.563 1.210
-0.382 -1.022
0.389 0.005
-0.608 1.057
-0.462 -0.992
0.532 -0.097
-0.521 1.009
-0.575 -0.963
0.564 -0.059
-0.631 1.067
-0.525 -0.948
0.481 0.053
-0.607 0.926
-0.370 -0.997
0.430 0.196
-0.526 1.076
-0.682 -0.944
0.484 -0.073
-0.698 1.082
-0.418 -1.083
0.305 -0.261
-0.554 0.867
-0.410 -1.197
0.450 -0.019
-0.672 0.949
-0.486 -0.973
0.369 -0.065
-0.333 0.995
-0.653 -0.967
0.291 -0.169
-0.527 0.910
-0.556 -1.093
0.616 -0.077
-0.551 1.043
-0.455 -0.997
0.562 -0.086
-0.609 0.897
-0.443 -1.019
0.595 0.093
-0.715 0.856
-0.485 -0.964
0.477 0.035
-0.674 1.034
-0.386 -1.146
0.378 0.211
-0.529 0.876
-0.571 -0.973
0.335 -0.010
-0.600 1.158
-0.452 -0.920
0.613 0.023
-0.622 0.917
-0.516 -0.884
0.537 -0.014
-0.477 0.836
-0.471 -1.068
0.400 -0.000
-0.457 0.996
-0.495 -0.902
0.479 0.028
-0.762 1.067
-0.306 -0.892
0.537 0.064
-0.376 1.062
-0.528 -0.986
0.388 -0.026
-0.437 1.059
-0.572 -1.146
0.540 -0.135
-0.440 0.876
-0.532 -0.895
0.528 -0.022
-0.596 0.997
-0.420 -1.040
0.464 -0.004
-0.396 1.072
-0.498 -1.043
0.567 0.039
-0.544 1.048
-0.462 -1.107
0.375 0.127
-0.442 0.960
-0.379 -0.961
0.388 0.230
-0.536 0.979
-0.482 -0.951
0.471 -0.108
-0.595 0.999
-0.601 -0.943
0.525 -0.008
-0.567 1.052
-0.512 -0.853
0.543 -0.041
-0.422 1.017
-0.661 -0.984
0.501 -0.124
-0.615 0.822
-0.309 -0.947
0.510 0.052
-0.446 1.062
-0.399 -0.989
0.454 -0.056
-0.431 1.028
-0.370 -1.151
0.683 -0.125
-0.446 0.943
-0.471 -1.060
0.449 0.107
-0.505 0.940
-0.518 -0.969
0.589 -0.169
-0.649 0.978
-0.457 -1.089
0.561 0.126
-0.531 1.087
-0.552 -0.932
0.583 0.160
-0.592 1.076
-0.498 -0.904
0.492 0.064
-0.324 1.109
-0.512 -0.887
0.409 0.155
-0.414 1.015
-0.295 -1.017
0.567 -0.165
-0.527 1.089
-0.480 -1.196
0.530 0.025
-0.549 1.071
-0.414 -0.839
0.694 0.026
-0.506 1.116
-0.520 -1.070
0.577 0.073
-0.551 0.943
-0.479 -0.853
0.495 0.068
-0.580 1.059
-0.462 -0.867
0.587 0.078
-0.411 1.065
-0.466 -0.988
0.498 -0.158
-0.563 1.179
-0.441 -1.137
0.530 0.135
-0.392 0.974
-0.542 -0.968
0.455 0.102
-0.484 0.771
-0.467 -0.915
0.481 -0.115
-0.485 1.104
-0.646 -0.896
0.733 0.046
-0.487 0.945
-0.437 -0.858
0.528 -0.150
-0.655 0.943
-0.683 -1.034
0.496 0.194
-0.585 0.835
-0.579 -1.059
0.571 -0.130
-0.585 0.932
-0.531 -0.960
0.511 0.086
-0.445 0.860
-0.602 -0.854
0.523 -0.021
-0.489 0.896
-0.546 -1.060
0.726 0.199
-0.420 1.012
-0.480 -0.996
0.464 -0.011
-0.437 1.133
-0.463 -1.035
0.546 -0.169
-0.609 0.857
-0.464 -0.933
0.373 0.148
-0.605 0.880
-0.560 -1.035
0.614 0.022
-0.461 1.139
-0.558 -0.877
0.445 -0.113
-0.452 0.798
-0.486 -1.169
0.523 -0.076
-0.581 1.006
-0.507 -0.919
0.623 -0.008
-0.507 1.008
-0.547 -0.817
0.454 0.009
-0.381 0.878
-0.503 -0.954
0.563 -0.162
-0.313 0.954
-0.548 -0.940
0.540 -0.027
-0.541 1.026
-0.489 -0.868
0.573 0.012
-0.620 1.074
-0.731 -0.922
0.559 -0.100
-0.591 1.024
-0.455 -0.801
0.638 -0.113
-0.525 0.720
-0.459 -0.974
0.455 0.053
-0.670 0.920
-0.583 -0.930
0.561 0.127
-0.671 1.098
-0.413 -1.141
0.439 0.068
-0.391 0.927
-0.558 -1.216
0.339 0.011
-0.522 0.873
-0.308 -0.937
0.631 0.210
-0.490 0.876
-0.501 -1.020
0.590 0.038
-0.326 1.025
-0.571 -1.076
0.348 -0.054
-0.527 0.983
-0.332 -0.825
0.566 0.140
-0.587 0.881
-0.485 -0.969
0.419 0.104
-0.351 0.986
-0.333 -0.987
0.320 -0.050
-0.493 0.921
-0.548 -1.023
0.472 0.166
-0.508 0.996
-0.571 -0.924
0.435 0.088
-0.524 0.718
-0.328 -0.861
0.579 -0.044
-0.535 0.965
-0.568 -1.143
0.394 -0.049
-0.420 0.866
-0.414 -0.880
0.509 -0.037
-0.431 1.164
-0.451 -1.144
0.545 0.042
-0.271 0.866
-0.304 -1.071
0.560 0.013
-0.462 0.930
-0.764 -1.061
0.673 -0.172
-0.505 1.197
-0.371 -1.045
0.652 -0.064
-0.557 0.777
-0.478 -1.046
0.515 0.097
-0.481 1.047
-0.330 -1.105
0.495 -0.052
-0.527 0.766
-0.527 -1.097
0.407 -0.041
-0.512 0.927
-0.464 -0.893
0.456 -0.070
-0.435 0.817
-0.466 -1.012
0.259 -0.133
-0.452 1.013
-0.480 -1.039
0.633 0.086
-0.370 1.092
-0.401 -0.899
0.340 -0.057
-0.654 1.006
-0.639 -0.988
0.446 0.001
-0.570 1.067
-0.496 -1.039
0.598 -0.020
-0.491 1.041
-0.457 -1.004
0.599 0.123
-0.502 1.050
-0.382 -1.017
0.536 -0.004
-0.499 1.083
-0.170 -1.022
0.526 0.117
-0.552 0.947
-0.512 -0.977
0.423 0.020
-0.684 1.069
-0.468 -1.066
0.522 0.066
-0.486 0.958
-0.643 -1.030
0.435 -0.232
-0.677 1.049
-0.603 -1.044
0.621 -0.097
-0.560 0.948
-0.511 -1.042
0.406 -0.087
-0.338 1.140
-0.445 -0.893
0.445 -0.120
-0.351 0.896
-0.345 -0.973
0.643 -0.166
-0.409 0.919
-0.532 -1.019
0.368 0.076
-0.542 1.057
-0.559 -0.956
0.513 0.020
-0.397 0.845
-0.565 -0.932
0.336 -0.065
-0.511 1.052
-0.528 -1.019
0.421 0.002
-0.452 0.978
-0.780 -0.845
0.498 0.102
-0.600 0.858
-0.439 -1.129
0.688 0.091
-0.669 1.071
-0.512 -0.964
0.560 -0.083
-0.665 0.859
-0.623 -1.061
0.494 0.082
-0.648 0.907
-0.618 -1.033
0.515 0.034
-0.498 0.988
-0.437 -0.947
0.704 -0.037
-0.439 1.015
-0.543 -0.934
0.350 -0.157
-0.380 0.986
-0.449 -0.923
0.482 0.114
-0.402 0.977
-0.492 -1.021
0.540 -0.068
-0.470 0.940
-0.641 -0.904
0.341 -0.181
-0.391 0.817
-0.594 -1.158
0.455 -0.053
-0.302 0.905
-0.353 -1.019
0.645 -0.005
-0.542 0.949
-0.426 -0.918
0.425 0.070
-0.456 0.865
-0.397 -1.043
0.325 -0.047
-0.438 1.072
-0.492 -1.193
0.385 -0.083
-0.406 1.103
-0.547 -1.028
0.427 0.031
-0.452 0.997
-0.503 -1.001
0.249 0.108
-0.689 1.005
-0.460 -1.007
0.479 0.020
-0.479 1.014
-0.699 -0.950
0.431 0.069
-0.356 0.876
-0.466 -0.943
0.398 0.034
-0.471 0.892
-0.598 -0.863
0.573 0.151
-0.569 0.982
-0.655 -0.943
0.546 -0.011
-0.671 0.878
-0.299 -0.884
0.416 -0.002
-0.541 1.075
-0.521 -1.147
0.308 -0.038
-0.644 1.076
-0.418 -1.013
0.325 -0.059
-0.558 0.889
-0.480 -0.921
0.573 0.002
-0.373 1.027
-0.599 -1.022
0.694 0.019
-0.505 0.886
-0.523 -0.847
0.531 -0.111
-0.583 1.215
-0.604 -1.015
0.491 0.084
-0.438 0.882
-0.479 -1.110
0.472 0.075
-0.570 0.968
-0.433 -1.063
0.567 -0.002
-0.618 0.847
-0.567 -1.149
0.601 -0.105
-0.461 1.152
-0.640 -0.876
0.447 -0.003
-0.466 1.074
-0.583 -0.803
0.512 -0.003
-0.417 1.084
-0.587 -1.141
0.563 -0.107
-0.355 0.964
-0.496 -0.991
0.408 0.036
-0.500 0.892
-0.656 -0.952
0.272 -0.177
-0.399 1.011
-0.585 -1.077
0.529 -0.106
-0.486 0.964
-0.458 -0.986
0.497 -0.136
-0.372 1.111
-0.504 -0.949
0.352 0.030
-0.525 1.124
-0.557 -1.062
0.398 0.096
-0.519 1.045
-0.502 -1.042
0.568 0.192
-0.397 0.999
-0.493 -1.120
0.640 0.017
-0.484 1.097
-0.602 -1.103
0.468 0.030
-0.465 0.962
-0.417 -1.267
0.464 0.135
-0.614 1.021
-0.644 -1.013
0.581 -0.026
-0.552 1.012
-0.411 -1.074
0.391 0.007
-0.404 0.984
-0.513 -1.039
0.567 -0.008
-0.551 1.079
-0.338 -0.913
0.478 0.040
-0.547 1.109
-0.352 -1.007
0.372 -0.199
-0.642 0.870
-0.628 -0.841
0.528 -0.095
-0.470 0.768
-0.366 -1.158
0.643 0.029
-0.521 0.991
-0.513 -1.139
0.804 0.066
-0.378 1.063
-0.340 -0.885
0.552 -0.018
-0.693 1.082
-0.506 -0.967
0.524 0.026
-0.561 1.024
-0.511 -0.994
0.534 -0.092
-0.383 0.986
-0.434 -0.978
0.478 -0.250
-0.575 1.022
-0.470 -1.054
0.569 0.063
-0.498 0.915
-0.423 -1.063
0.427 -0.118
-0.592 1.031
-0.477 -0.992
0.461 0.043
-0.418 1.178
-0.400 -1.143
0.548 0.079
-0.561 0.946
-0.514 -0.992
0.467 0.083
-0.572 0.905
-0.606 -0.889
0.510 0.114
-0.452 1.043
-0.579 -0.992
0.642 0.030
-0.645 1.055
-0.364 -1.020
0.507 0.011
-0.706 1.032
-0.545 -1.124
0.480 0.057
-0.416 1.002
-0.643 -0.932
0.511 0.126
-0.511 0.959
-0.443 -0.881
0.508 -0.013
-0.469 1.029
-0.506 -0.957
0.562 -0.034
-0.338 0.963
-0.419 -1.020
0.309 -0.085
-0.456 0.957
-0.489 -1.051
0.399 0.100
-0.654 1.024
-0.678 -1.070
0.570 -0.100
-0.421 1.012
-0.662 -1.052
0.593 -0.034
-0.433 1.138
-0.313 -0.971
0.486 -0.151
-0.292 1.248
-0.448 -0.819
0.515 -0.069
-0.499 1.043
-0.433 -1.149
0.532 0.003
-0.322 0.981
-0.465 -0.984
0.528 -0.005
-0.466 0.861
-0.537 -0.978
0.389 0.120
-0.528 0.886
-0.521 -1.010
0.634 0.010
-0.461 0.792
-0.478 -0.934
0.434 -0.117
-0.542 0.913
-0.457 -1.139
0.532 -0.106
-0.482 0.929
-0.598 -1.022
0.495 0.072
-0.513 0.776
-0.580 -0.895
0.628 0.057
-0.373 0.978
-0.547 -0.965
0.397 -0.056
-0.693 0.878
-0.521 -0.911
0.527 -0.019
-0.596 1.089
-0.589 -1.012
0.583 -0.079
-0.653 0.971
-0.599 -1.067
0.489 -0.048
-0.571 1.104
-0.331 -1.052
0.602 0.083
-0.545 0.914
-0.442 -0.905
0.433 0.159
-0.446 0.947
-0.577 -1.048
0.438 0.130
-0.454 0.886
-0.560 -1.135
0.768 -0.012
-0.661 1.041
-0.425 -0.996
0.406 -0.006
-0.405 1.033
-0.517 -1.124
0.589 0.057
-0.585 1.072
-0.567 -1.001
0.673 0.036
-0.566 0.961
-0.516 -1.150
0.352 -0.008
-0.476 1.192
-0.522 -0.905
0.523 -0.068
-0.544 0.977
-0.276 -0.843
0.664 0.101
-0.596 0.956
-0.455 -0.994
0.411 0.030
-0.497 1.091
-0.490 -1.079
0.474 0.023
-0.419 0.866
-0.483 -1.297
0.507 0.034
-0.440 1.062
-0.584 -0.823
0.540 -0.043
-0.576 0.973
-0.561 -1.005
0.500 -0.006
-0.566 0.845
-0.417 -1.097
0.588 0.058
-0.395 1.085
-0.474 -0.971
0.428 0.157
-0.539 1.035
-0.621 -1.018
0.540 0.159
-0.305 0.906
-0.324 -1.050
0.552 0.101
-0.492 0.957
-0.304 -0.954
0.495 0.069
-0.501 1.080
-0.441 -0.995
0.515 -0.013
-0.443 1.028
-0.490 -1.038
0.639 -0.041
-0.621 0.998
-0.532 -1.003
0.468 -0.105
-0.583 1.040
-0.598 -0.915
0.541 -0.020
-0.434 1.089
-0.583 -0.958
0.784 0.141
-0.677 1.053
-0.462 -1.047
0.670 -0.083
-0.519 0.996
-0.457 -0.983
0.442 0.076
-0.412 0.985
-0.577 -0.973
0.585 -0.181
-0.474 0.983
-0.700 -1.084
0.588 -0.083
-0.632 0.942
-0.516 -1.000
0.448 -0.118
-0.532 0.958
-0.137 -0.965
0.526 -0.002
-0.476 1.062
-0.482 -1.169
0.626 -0.091
-0.502 1.083
-0.406 -1.002
0.495 -0.103
-0.485 0.898
-0.573 -0.952
0.504 -0.058
-0.551 0.910
-0.244 -1.016
0.305 0.204
-0.487 0.906
-0.477 -1.032
0.820 0.128
-0.458 0.893
-0.531 -1.010
0.457 0.212
-0.540 0.957
-0.490 -1.046
0.488 -0.056
-0.715 1.119
-0.282 -0.967
0.595 0.069
-0.356 1.171
-0.505 -0.954
0.322 0.133
-0.603 1.055
-0.533 -0.957
0.263 -0.063
-0.500 0.949
-0.626 -0.877
0.519 -0.158
-0.719 1.051
-0.397 -1.256
0.378 -0.054
-0.470 1.068
-0.441 -1.006
0.460 -0.012
-0.627 1.100
-0.386 -0.910
0.459 -0.170
-0.573 0.870
-0.347 -0.952
0.630 0.063
-0.569 1.106
-0.611 -1.028
0.405 0.085
-0.549 0.894
-0.479 -0.824
0.365 -0.204
-0.456 0.873
-0.516 -0.868
0.530 -0.092
-0.646 1.160
-0.442 -0.975
0.435 0.081
-0.544 0.952
-0.536 -0.863
0.587 0.043
-0.631 1.043
-0.414 -1.143
0.600 -0.051
-0.612 0.830
-0.374 -1.042
0.692 -0.069
-0.428 0.881
-0.533 -0.888
0.597 0.203
-0.454 1.084
-0.455 -1.042
0.401 0.074
-0.506 1.110
-0.447 -1.308
0.558 -0.032
-0.356 0.836
-0.295 -1.056
0.605 0.019
-0.591 1.012
-0.525 -1.129
0.466 0.304
-0.526 0.995
-0.422 -1.169
0.644 0.019
-0.444 1.065
-0.353 -1.071
0.357 0.004
-0.557 0.986
-0.544 -0.962
0.489 -0.050
-0.414 0.926
-0.383 -0.674
0.451 0.147
-0.455 0.982
-0.446 -0.996
0.438 0.081
-0.220 1.116
-0.620 -0.991
0.429 0.182
-0.403 1.060
-0.513 -0.955
0.523 -0.041
-0.671 0.902
-0.433 -0.950
0.763 0.095
-0.241 1.123
-0.323 -1.036
0.418 0.088
-0.418 1.014
-0.710 -0.986
0.513 0.063
-0.740 0.954
-0.495 -0.870
0.447 -0.004
-0.469 0.837
-0.453 -1.128
0.699 -0.070
-0.552 0.998
-0.548 -0.946
0.460 -0.023
-0.619 0.954
-0.442 -0.934
0.400 0.099
-0.509 0.907
-0.381 -0.991
0.421 -0.085
-0.539 0.926
-0.480 -1.113
0.501 -0.131
-0.434 0.926
-0.653 -1.081
0.565 -0.075
-0.540 0.911
-0.429 -1.233
0.599 -0.120
-0.517 0.903
-0.446 -1.018
0.480 -0.049
-0.385 1.179
-0.540 -1.015
0.531 -0.058
-0.447 0.961
-0.560 -0.929
0.412 0.173
-0.480 1.124
-0.424 -1.188
0.515 -0.095
-0.558 0.984
-0.606 -0.851
0.540 -0.132
-0.398 1.112
-0.546 -0.822
0.621 0.012
-0.494 1.019
-0.391 -0.901
0.530 0.037
-0.403 0.966
-0.610 -0.890
0.656 0.083
-0.343 1.004
-0.675 -1.139
0.673 0.105
-0.624 1.068
-0.616 -0.958
0.639 0.213
-0.497 0.983
-0.643 -0.935
0.527 0.078
-0.530 0.905
-0.554 -0.926
0.560 0.095
-0.590 0.797
-0.490 -1.115
0.384 -0.026
-0.603 0.971
-0.387 -0.946
0.273 0.065
-0.550 1.113
-0.519 -1.081
0.503 -0.070
-0.478 0.882
-0.431 -1.065
0.351 -0.329
-0.498 1.139
-0.515 -0.884
0.333 -0.029
-0.568 0.880
-0.624 -1.046
0.441 0.029
-0.520 0.963
-0.428 -1.058
0.377 -0.012
-0.510 1.185
-0.645 -1.005
0.801 -0.109
-0.688 0.978
-0.451 -0.985
0.335 0.149
-0.443 1.037
-0.393 -1.050
0.352 -0.124
-0.501 0.981
-0.416 -0.917
0.724 0.112
-0.682 0.923
-0.557 -0.923
0.425 0.075
-0.469 0.937
-0.734 -0.934
0.543 0.091
-0.768 0.797
-0.423 -0.982
0.429 -0.129
-0.404 0.979
-0.655 -0.866
0.481 0.119
-0.480 0.901
-0.513 -1.108
0.556 -0.059
-0.785 1.144
-0.540 -1.067
0.608 -0.175
-0.609 0.956
-0.403 -0.958
0.553 -0.060
-0.406 0.971
-0.485 -0.918
0.374 -0.051
-0.430 0.930
-0.563 -1.013
0.415 0.162
-0.416 0.928
-0.351 -1.136
0.508 -0.139
-0.682 0.879
-0.648 -1.075
0.368 -0.070
-0.461 1.009
-0.667 -1.061
0.525 -0.073
-0.509 0.922
-0.693 -0.991
0.497 -0.087
-0.502 1.112
-0.576 -0.941
0.527 0.061
-0.369 1.142
-0.545 -1.156
0.715 0.242
-0.525 1.147
-0.460 -0.766
0.561 -0.106
-0.456 0.850
-0.634 -0.922
0.507 0.041
-0.467 1.012
-0.353 -0.920
0.535 -0.104
-0.463 0.906
-0.356 -0.970
0.377 -0.016
-0.455 1.068
-0.442 -1.087
0.533 0.047
-0.688 0.907
-0.337 -0.983
0.463 -0.015
-0.469 1.041
-0.484 -1.081
0.551 0.104
-0.515 1.057
-0.508 -1.021
0.547 -0.170
-0.472 1.123
-0.470 -0.814
0.538 -0.002
-0.587 0.966
-0.361 -1.044
0.540 -0.022
-0.394 0.992
-0.432 -0.978
0.396 0.143
-0.651 0.948
-0.534 -0.982
0.459 0.089
-0.512 1.017
-0.556 -1.120
0.604 -0.025
-0.305 1.187
-0.535 -1.108
0.448 0.047
-0.561 0.942
-0.571 -1.080
0.446 0.030
-0.591 0.898
-0.572 -0.793
0.551 0.003
-0.665 0.918
-0.478 -1.103
0.649 0.014
-0.403 1.003
-0.503 -0.908
0.483 0.112
-0.559 1.153
-0.347 -0.927
0.463 -0.082
-0.440 1.148
-0.326 -0.954
0.418 0.116
-0.619 0.976
-0.504 -1.136
0.475 0.090
-0.511 1.000
-0.202 -0.952
0.712 0.070
-0.623 0.882
-0.559 -0.968
0.310 -0.022
-0.474 0.893
-0.468 -1.003
0.568 -0.126
-0.466 0.983
-0.361 -0.967
0.341 0.068
-0.602 0.853
-0.491 -0.946
0.330 0.153
-0.485 1.033
-0.654 -1.019
0.534 0.056
-0.365 0.984
-0.409 -1.117
0.543 0.102
-0.565 0.901
-0.392 -0.956
0.468 0.040
-0.423 0.911
-0.483 -1.027
0.488 -0.211
-0.452 0.994
-0.412 -0.962
0.297 0.279
-0.537 1.201
-0.459 -0.943
0.361 0.060
-0.441 0.757
-0.410 -0.783
0.609 -0.047
-0.419 1.021
-0.503 -1.048
0.591 0.090
-0.586 0.855
-0.638 -1.178
0.282 -0.039
-0.657 1.130
-0.484 -0.853
0.465 -0.024
-0.423 1.085
-0.587 -0.874
0.525 0.084
-0.464 0.880
-0.702 -1.112
0.479 -0.066
-0.579 0.941
-0.456 -0.926
0.409 -0.236
-0.545 1.165
-0.615 -0.979
0.314 0.098
-0.520 1.024
-0.542 -1.038
0.525 -0.007
-0.568 0.989
-0.557 -0.976
0.680 0.076
-0.407 0.946
-0.399 -0.985
0.538 0.132
-0.617 1.210
-0.662 -0.877
0.319 -0.068
-0.514 1.170
-0.547 -0.870
0.712 -0.017
-0.306 1.009
-0.553 -0.999
0.679 -0.106
-0.476 0.982
-0.513 -1.090
0.578 0.023
-0.376 0.876
-0.383 -0.970
0.463 0.142
-0.584 1.014
-0.355 -1.030
0.390 0.223
-0.569 0.988
-0.470 -1.178
0.449 0.181
-0.481 0.844
-0.388 -1.022
0.345 -0.078
-0.489 0.964
-0.494 -1.166
0.395 -0.053
-0.377 0.858
-0.349 -0.864
0.583 -0.057
-0.665 0.969
-0.471 -0.982
0.585 -0.149
-0.591 0.934
-0.602 -0.955
0.386 0.209
-0.663 1.045
-0.352 -0.929
0.729 -0.035
-0.531 1.146
-0.450 -0.998
0.432 0.084
-0.651 0.911
-0.650 -1.084
0.561 0.031
-0.446 1.086
-0.452 -0.909
0.350 0.027
-0.392 0.967
-0.396 -1.110
0.533 -0.051
-0.530 1.177
-0.456 -1.028
0.417 -0.258
-0.213 1.138
-0.578 -0.905
0.385 -0.056
-0.636 0.935
-0.485 -0.925
0.237 0.066
-0.356 0.871
-0.547 -0.872
0.518 -0.054
-0.395 1.043
-0.645 -0.962
0.489 0.025
-0.748 0.989
-0.536 -1.011
0.509 -0.191
-0.511 1.034
-0.359 -0.968
0.447 -0.075
-0.645 1.038
-0.731 -0.979
0.450 -0.097
-0.545 1.007
-0.373 -0.900
0.550 -0.163
-0.416 0.750
-0.532 -1.055
0.434 0.174
-0.394 0.946
-0.418 -0.846
0.540 0.065
-0.364 0.983
-0.451 -0.979
0.671 -0.042
-0.471 0.805
-0.374 -0.930
0.672 -0.020
-0.451 0.859
-0.399 -0.995
0.410 -0.048
-0.545 0.960
-0.450 -0.959
0.462 0.013
-0.608 0.861
-0.633 -1.136
0.373 0.078
-0.321 0.976
-0.639 -1.072
0.562 -0.097
-0.561 1.017
-0.603 -1.061
0.743 0.019
-0.482 1.044
-0.530 -0.939
0.431 0.154
-0.448 0.821
-0.718 -0.939
0.577 -0.060
-0.569 1.025
-0.554 -0.932
0.701 -0.065
-0.411 1.086
-0.471 -0.975
0.686 -0.002
-0.673 1.124
-0.352 -1.050
0.451 0.140
-0.478 0.939
-0.433 -1.096
0.395 0.083
-0.450 0.925
-0.521 -1.028
0.753 -0.006
-0.524 0.938
-0.432 -1.080
0.470 0.091
-0.545 1.026
-0.494 -0.885
0.310 0.124
-0.359 0.969
-0.553 -1.114
0.393 0.251
-0.543 0.984
-0.434 -1.016
0.324 -0.239
-0.556 0.947
-0.663 -1.019
0.452 -0.067
-0.351 0.992
-0.677 -0.753
0.360 0.016
-0.694 1.118
-0.341 -0.972
0.560 0.129
-0.357 1.015
-0.383 -0.820
0.446 0.285
-0.503 1.108
-0.531 -0.927
0.328 -0.081
-0.506 0.990
-0.516 -0.912
0.667 0.243
-0.476 0.971
-0.384 -0.912
0.435 -0.101
-0.593 0.953
-0.490 -1.036
0.647 -0.087
-0.414 0.986
-0.502 -1.105
0.515 0.074
-0.507 1.177
-0.213 -0.770
0.597 0.003
-0.552 0.924
-0.417 -1.003
0.432 -0.057
-0.621 1.022
-0.300 -0.971
0.598 -0.121
-0.487 0.986
-0.375 -1.024
0.419 0.024
-0.654 1.061
-0.383 -0.971
0.823 0.176
-0.383 0.911
-0.636 -1.038
0.525 0.015
-0.497 1.114
-0.458 -1.060
0.652 -0.013
-0.361 0.864
-0.536 -1.223
0.567 0.013
-0.484 0.798
-0.497 -1.093
0.449 -0.245
-0.375 0.944
-0.528 -1.110
0.394 -0.141
-0.349 0.893
-0.742 -0.988
0.307 0.066
-0.553 0.987
-0.425 -1.081
0.427 0.018
-0.634 0.926
-0.363 -0.920
0.383 0.160
-0.430 0.907
-0.478 -0.962
0.586 -0.059
-0.549 0.976
-0.626 -1.024
0.406 0.007
-0.418 1.046
-0.656 -1.068
0.564 0.104
-0.354 1.019
-0.392 -0.824
0.375 -0.132
-0.448 0.968
-0.627 -0.856
0.522 0.035
-0.493 1.066
-0.391 -0.926
0.330 0.075
-0.708 0.850
-0.351 -0.830
0.466 0.023
-0.499 0.875
-0.362 -0.975
0.708 -0.029
-0.508 1.026
-0.479 -0.943
0.525 0.152
-0.470 0.881
-0.442 -1.097
0.775 -0.252
-0.583 1.041
-0.442 -1.024
0.520 -0.046
-0.401 1.011
-0.675 -0.963
0.607 0.051
-0.616 1.045
-0.593 -0.986
0.591 -0.085
-0.387 0.978
-0.495 -1.042
0.633 -0.058
-0.749 1.050
-0.518 -1.066
0.602 -0.040
-0.382 1.003
-0.437 -1.169
0.673 0.085
-0.589 0.981
-0.499 -1.155
0.560 0.013
-0.673 1.003
-0.426 -0.926
0.568 0.338
-0.494 0.829
-0.559 -1.025
0.292 0.085
-0.568 0.986
-0.419 -0.986
0.474 -0.110
-0.453 1.030
-0.533 -0.917
0.508 0.051
-0.518 1.057
-0.776 -0.804
0.497 0.120
-0.629 0.978
-0.666 -0.893
0.520 -0.038
-0.475 1.048
-0.551 -0.988
0.529 -0.152
-0.596 1.018
-0.573 -0.876
0.369 -0.032
-0.548 0.863
-0.527 -1.184
0.455 0.125
-0.437 1.002
-0.512 -0.928
0.546 0.077
-0.699 0.800
-0.527 -1.207
0.464 -0.010
-0.327 0.970
-0.448 -0.984
0.605 0.186
-0.415 0.851
-0.423 -1.064
0.452 0.011
-0.494 0.957
-0.353 -1.119
0.557 0.052
-0.425 0.960
-0.376 -0.953
0.242 -0.129
-0.521 1.058
-0.493 -1.079
0.473 -0.031
-0.429 0.896
-0.821 -1.096
0.424 0.100
-0.408 1.076
-0.618 -1.086
0.462 -0.069
-0.485 0.827
-0.480 -1.146
0.470 0.015
-0.455 1.084
-0.424 -0.986
0.370 0.047
-0.606 0.944
-0.599 -1.071
0.553 -0.167
-0.583 1.058
-0.428 -0.922
0.554 -0.143
-0.593 1.119
-0.725 -1.029
0.608 -0.195
-0.508 1.046
-0.454 -0.980
0.511 -0.051
-0.438 0.984
-0.341 -1.145
0.428 0.169
-0.361 0.906
-0.481 -1.029
0.281 -0.026
-0.416 0.956
-0.475 -0.958
0.537 -0.047
-0.472 0.969
-0.551 -0.890
0.481 0.207
-0.650 0.761
-0.550 -1.156
0.553 -0.106
-0.539 0.996
-0.291 -0.918
0.660 0.059
-0.447 0.989
-0.618 -1.183
0.725 0.049
-0.574 0.863
-0.485 -0.916
0.360 0.084
-0.622 1.157
-0.539 -1.063
0.482 -0.001
-0.446 0.914
-0.578 -1.154
0.299 0.103
-0.569 0.910
-0.363 -0.896
0.416 -0.135
-0.507 0.972
-0.510 -1.090
0.556 -0.125
-0.559 0.937
-0.394 -1.185
0.616 0.022
-0.467 1.030
-0.463 -1.265
0.567 0.132
-0.545 0.871
-0.590 -1.021
0.600 0.100
-0.459 1.067
-0.445 -0.933
0.549 0.141
-0.527 1.058
-0.404 -1.236
0.535 0.019
-0.422 0.826
-0.708 -0.825
0.717 -0.263
-0.478 0.960
-0.412 -1.099
0.561 0.066
-0.430 1.039
-0.529 -1.082
0.543 0.094
-0.447 0.967
-0.478 -0.986
0.511 -0.098
-0.577 1.028
-0.439 -1.023
0.619 0.047
-0.435 1.146
-0.471 -1.030
0.449 0.007
-0.485 1.082
-0.611 -1.184
0.702 -0.120
-0.456 0.982
-0.510 -0.953
0.495 0.133
-0.466 0.686
-0.528 -1.051
0.576 0.127
-0.380 0.936
-0.574 -1.048
0.644 -0.038
-0.495 0.934
-0.591 -0.796
0.644 -0.041
-0.459 1.077
-0.550 -1.072
0.515 -0.007
-0.491 0.970
-0.475 -1.014
0.435 0.078
-0.481 1.053
-0.427 -1.081
0.554 0.127
-0.564 0.970
-0.416 -1.100
0.332 0.028
-0.452 0.874
-0.406 -0.934
0.433 0.094
-0.788 1.017
-0.693 -1.027
0.446 -0.002
-0.388 0.936
-0.505 -0.981
0.585 0.009
-0.594 0.896
-0.529 -1.111
0.625 -0.121
-0.692 1.011
-0.703 -0.910
0.523 -0.069
-0.423 1.041
-0.426 -0.936
0.619 -0.152
-0.642 1.091
-0.498 -1.097
0.600 -0.030
-0.731 0.962
-0.523 -0.961
0.561 0.047
-0.504 1.073
-0.518 -1.154
0.564 -0.024
-0.500 1.060
-0.294 -0.918
0.659 -0.101
-0.483 1.232
-0.373 -1.019
0.461 0.173
-0.424 0.864
-0.460 -0.927
0.490 -0.030
-0.453 1.117
-0.527 -0.851
0.310 0.081
-0.620 1.124
-0.748 -1.189
0.442 -0.113
-0.357 0.973
-0.463 -0.970
0.423 0.027
-0.657 1.004
-0.382 -1.088
0.436 -0.042
-0.514 1.127
-0.504 -1.181
0.486 0.026
-0.560 0.936
-0.492 -0.997
0.495 -0.010
-0.501 1.035
-0.617 -0.859
0.331 0.092
-0.486 0.968
-0.477 -1.051
0.437 -0.029
-0.396 1.214
-0.589 -0.968
0.627 0.043
-0.574 0.982
-0.637 -0.853
0.448 -0.110
-0.482 0.874
-0.331 -1.060
0.553 -0.051
-0.414 0.863
-0.541 -1.086
0.617 -0.082
-0.489 1.030
-0.369 -1.028
0.359 -0.051
-0.522 0.999
-0.477 -1.066
0.482 0.103
-0.407 1.229
-0.545 -1.124
0.545 -0.218
-0.347 0.922
-0.453 -1.130
0.539 0.002
-0.567 0.873
-0.446 -1.103
0.566 0.010
-0.558 0.969
-0.510 -1.037
0.555 0.106
-0.548 1.206
-0.344 -0.957
0.474 -0.076
-0.381 1.120
-0.528 -1.009
0.503 -0.113
-0.351 1.002
-0.661 -1.144
0.408 0.098
-0.549 0.967
-0.405 -0.928
0.547 -0.159
-0.479 0.996
-0.506 -0.839
0.629 0.100
-0.374 1.091
-0.528 -1.051
0.555 -0.105
-0.374 0.972
-0.398 -0.916
0.393 0.061
-0.721 0.986
-0.485 -0.923
0.653 0.050
-0.446 1.031
-0.508 -1.056
0.476 -0.108
-0.456 0.931
-0.511 -1.115
0.650 0.039
-0.466 1.059
-0.513 -1.051
0.494 -0.054
-0.414 1.090
-0.559 -1.095
0.374 0.085
-0.579 0.985
-0.554 -0.920
0.381 0.106
-0.487 0.999
-0.461 -1.046
0.472 -0.121
-0.426 1.074
-0.514 -0.980
0.588 0.043
-0.473 1.110
-0.501 -1.088
0.312 0.042
-0.442 1.037
-0.369 -0.884
0.473 -0.064
-0.470 0.823
-0.387 -0.962
0.533 0.080
-0.359 1.065
-0.513 -0.949
0.478 0.224
-0.429 0.994
-0.506 -0.945
0.627 0.020
-0.481 0.901
-0.612 -0.932
0.406 -0.001
-0.368 0.951
-0.486 -1.103
0.425 0.098
-0.514 0.976
-0.519 -1.071
0.595 0.051
-0.567 1.127
-0.426 -0.900
0.377 0.103
-0.350 1.017
-0.380 -1.002
0.546 0.012
-0.545 0.797
-0.438 -1.073
0.493 0.050
-0.355 1.046
-0.389 -1.045
0.407 -0.041
-0.459 0.951
-0.296 -0.937
0.411 0.118
-0.676 1.084
-0.425 -1.062
0.447 -0.124
-0.433 0.978
-0.462 -0.942
0.476 -0.036
-0.559 0.735
-0.351 -0.947
0.516 0.005
-0.413 1.113
-0.488 -1.031
0.331 0.137
-0.755 0.923
-0.461 -0.942
0.502 -0.044
-0.489 1.083
-0.541 -0.849
0.666 0.041
-0.635 1.036
-0.427 -1.150
0.521 0.174
-0.542 1.128
-0.382 -0.780
0.436 -0.055
-0.680 0.943
-0.604 -1.093
0.536 -0.029
-0.637 1.007
-0.369 -1.030
0.442 0.111
-0.469 1.116
-0.605 -1.213
0.598 -0.222
-0.515 0.993
-0.480 -0.924
0.479 0.206
-0.684 0.917
-0.466 -0.845
0.474 -0.060
-0.515 0.945
-0.549 -0.915
0.238 0.147
-0.356 1.184
-0.519 -0.951
0.419 -0.012
-0.726 0.841
-0.524 -0.973
0.498 -0.178
-0.495 0.987
-0.654 -0.879
0.501 -0.012
-0.557 1.060
-0.343 -0.935
0.551 -0.075
-0.613 1.074
-0.421 -1.047
0.240 0.031
-0.654 1.238
-0.263 -0.992
0.462 0.100
-0.638 0.877
-0.480 -1.178
0.295 -0.038
-0.502 1.181
-0.554 -1.031
0.489 0.076
-0.557 1.181
-0.438 -0.783
0.604 -0.074
-0.530 0.998
-0.404 -1.066
0.293 0.159
-0.400 0.942
-0.754 -1.087
0.360 -0.180
-0.474 0.906
-0.417 -0.907
0.562 0.130
-0.510 0.929
-0.460 -0.982
0.519 -0.206
-0.696 1.122
-0.666 -1.018
0.480 0.152
-0.452 1.013
-0.638 -1.076
0.460 0.048
-0.503 0.790
-0.393 -1.200
0.385 0.011
-0.640 1.038
-0.574 -0.843
0.467 -0.029
-0.391 0.850
-0.635 -1.027
0.610 0.077
-0.807 1.012
-0.509 -1.121
0.505 -0.014
-0.485 1.058
-0.524 -1.050
0.464 0.014
-0.648 1.127
-0.554 -0.843
0.646 -0.140
-0.509 1.001
-0.613 -1.088
0.389 -0.098
-0.531 1.031
-0.386 -1.106
0.474 -0.022
-0.556 1.010
-0.483 -1.108
0.415 0.174
-0.493 1.094
-0.358 -1.077
0.611 0.126
-0.576 0.823
-0.721 -1.007
0.460 -0.042
-0.481 1.015
-0.407 -0.747
0.639 -0.022
-0.614 0.920
-0.330 -0.970
0.507 -0.052
-0.357 1.074
-0.512 -0.805
0.535 0.157
-0.703 1.026
-0.662 -1.065
0.320 -0.009
-0.540 1.005
-0.446 -0.970
0.450 0.008
-0.465 0.954
-0.546 -1.200
0.433 0.060
-0.619 0.916
-0.517 -1.000
0.549 0.119
-0.508 0.842
-0.550 -0.961
0.391 0.064
-0.694 0.789
-0.581 -1.043
0.461 0.092
-0.453 0.826
-0.437 -0.970
0.504 0.011
-0.586 1.103
-0.465 -0.920
0.644 -0.189
-0.373 1.033
-0.449 -1.080
0.562 -0.104
-0.672 1.029
-0.450 -0.937
0.475 -0.167
-0.516 1.023
-0.481 -1.045
0.489 0.129
-0.408 1.128
-0.453 -1.000
0.532 0.206
-0.525 1.022
-0.619 -1.104
0.421 0.061
-0.552 0.902
-0.408 -0.952
0.579 -0.010
-0.424 0.764
-0.628 -0.932
0.447 0.014
-0.522 1.049
-0.477 -0.978
0.496 -0.103
-0.670 1.023
-0.535 -0.999
0.455 -0.123
-0.471 0.930
-0.551 -1.026
0.615 -0.101
-0.464 0.944
-0.352 -1.054
0.528 0.025
-0.432 0.885
-0.625 -1.276
0.469 -0.191
-0.463 0.923
-0.416 -0.894
0.547 -0.007
-0.469 0.888
-0.441 -1.034
0.392 -0.045
-0.544 0.991
-0.427 -1.012
0.493 0.124
-0.281 1.010
-0.429 -0.835
0.543 -0.026
-0.502 1.123
-0.454 -1.172
0.637 0.096
-0.574 1.018
-0.616 -0.882
0.350 -0.005
-0.262 0.893
-0.400 -0.915
0.581 0.057
-0.595 0.862
-0.614 -0.943
0.491 -0.028
-0.578 1.013
-0.525 -1.045
0.285 -0.042
-0.717 1.065
-0.524 -1.141
0.475 -0.114
-0.676 0.907
-0.654 -1.063
0.607 -0.057
-0.382 1.021
-0.303 -1.179
0.457 -0.060
-0.525 1.002
-0.582 -0.861
0.435 -0.092
-0.561 1.093
-0.531 -0.919
0.573 0.168
-0.490 0.941
-0.645 -0.945
0.616 -0.023
-0.554 1.122
-0.609 -0.947
0.702 0.051
-0.682 0.931
-0.514 -0.797
0.452 -0.036
-0.537 1.027
-0.321 -0.815
0.590 -0.096
-0.309 0.940
-0.463 -1.084
0.635 0.016
-0.450 1.028
-0.459 -1.088
0.602 -0.065
-0.465 1.026
-0.551 -1.038
0.505 0.009
-0.335 0.988
-0.418 -1.028
0.438 0.096
-0.480 1.183
-0.564 -0.971
0.369 -0.096
-0.271 1.048
-0.404 -0.820
0.527 -0.048
-0.499 0.884
-0.546 -0.877
0.551 0.075
-0.516 1.043
-0.563 -0.987
0.492 0.046
-0.575 1.066
-0.562 -1.079
0.606 0.007
-0.623 0.858
-0.350 -1.239
0.500 -0.109
-0.459 0.935
-0.429 -1.020
0.388 -0.114
-0.553 0.876
-0.378 -1.207
0.424 0.288
-0.531 0.920
-0.245 -0.992
0.382 0.130
-0.499 0.986
-0.561 -1.062
0.580 0.018
-0.427 1.022
-0.590 -1.042
0.578 -0.034
-0.508 0.911
-0.492 -1.045
0.489 0.135
-0.355 1.060
-0.525 -1.092
0.596 -0.031
-0.381 0.979
-0.626 -1.014
0.480 -0.170
-0.558 0.974
-0.467 -0.938
0.393 0.046
-0.606 1.073
-0.445 -1.071
0.420 0.129
-0.484 1.049
-0.495 -0.950
0.464 0.031
-0.364 1.100
-0.469 -1.045
0.524 -0.066
-0.476 1.064
-0.680 -0.996
0.390 0.125
-0.370 1.122
-0.500 -1.018
0.475 -0.074
-0.528 1.169
-0.461 -0.984
0.267 -0.006
-0.679 1.038
-0.594 -0.961
0.320 0.112
-0.438 1.131
-0.565 -0.969
0.352 0.017
-0.337 1.079
-0.461 -1.117
0.528 -0.119
-0.500 0.840
-0.637 -0.887
0.611 -0.023
-0.528 0.984
-0.635 -0.873
0.469 0.089
-0.438 0.919
-0.484 -0.829
0.582 0.064
-0.595 0.950
-0.475 -1.095
0.647 -0.058
-0.576 1.182
-0.531 -0.967
0.564 -0.039
-0.566 0.900
-0.468 -0.911
0.519 0.109
-0.516 0.948
-0.439 -1.001
0.448 0.070
-0.552 0.947
-0.292 -1.084
0.583 -0.170
-0.553 0.998
-0.527 -1.191
0.320 -0.120
-0.504 1.080
-0.493 -1.140
0.417 -0.185
-0.489 1.111
-0.394 -0.962
0.440 0.086
-0.593 1.000
-0.578 -1.002
0.511 0.153
-0.524 0.921
-0.655 -0.994
0.544 -0.121
-0.518 1.159
-0.514 -1.021
0.442 -0.063
-0.497 1.071
-0.475 -1.123
0.583 0.137
-0.501 1.019
-0.373 -1.112
0.509 0.017
-0.361 1.120
-0.602 -0.909
0.601 0.054
-0.550 0.785
-0.522 -1.123
0.701 0.004
-0.568 1.080
-0.469 -1.010
0.631 -0.064
-0.613 0.871
-0.390 -0.809
0.443 -0.117
-0.494 1.160
-0.366 -0.964
0.517 -0.083
-0.306 0.838
-0.474 -1.051
0.593 0.052
-0.564 1.059
-0.286 -0.868
0.514 0.013
-0.427 0.996
-0.570 -0.943
0.441 -0.049
-0.428 0.937
-0.532 -0.800
0.547 -0.021
-0.581 0.856
-0.738 -1.056
0.490 0.150
-0.445 1.008
-0.490 -0.988
0.379 0.013
-0.440 1.044
-0.477 -0.946
0.717 -0.034
-0.669 1.020
-0.507 -0.960
0.384 0.001
-0.469 0.952
-0.570 -0.883
0.414 0.046
-0.546 0.908
-0.482 -1.031
0.364 -0.159
-0.583 0.987
-0.454 -0.860
0.548 0.005
-0.351 0.857
-0.638 -1.123
0.349 -0.090
-0.535 1.014
-0.473 -0.999
0.172 -0.048
-0.390 0.991
-0.539 -1.002
0.566 -0.047
-0.621 0.929
-0.524 -0.940
0.466 0.064
-0.480 0.952
-0.490 -0.910
0.368 -0.043
-0.556 1.088
-0.577 -1.025
0.462 0.011
-0.381 0.850
-0.453 -1.081
0.374 0.159
-0.409 1.031
-0.376 -1.014
0.539 0.047
-0.624 0.991
-0.405 -1.108
0.463 0.107
-0.525 1.142
-0.452 -0.901
0.361 0.001
-0.503 0.785
-0.464 -0.933
0.451 -0.129
-0.278 0.785
-0.391 -0.930
0.758 -0.058
-0.827 1.136
-0.318 -0.991
0.418 0.108
-0.613 1.041
-0.463 -0.956
0.555 0.152
-0.502 0.936
-0.426 -0.971
0.429 0.188
-0.301 0.912
-0.548 -0.746
0.694 0.091
-0.540 0.907
-0.455 -0.974
0.618 -0.142
-0.444 0.885
-0.498 -0.767
0.385 -0.134
-0.306 1.006
-0.537 -0.894
0.454 0.112
-0.505 1.026
-0.342 -1.050
0.450 0.164
-0.440 1.143
-0.512 -1.068
0.490 -0.081
-0.528 0.985
-0.276 -1.158
0.578 -0.093
-0.614 1.173
-0.486 -1.013
0.552 -0.026
-0.552 1.120
-0.342 -0.967
0.311 0.069
-0.422 0.926
-0.397 -0.869
0.619 0.180
-0.604 1.123
-0.561 -0.982
0.435 0.076
-0.538 1.006
-0.501 -1.077
0.419 -0.010
-0.507 1.009
-0.368 -0.752
0.540 -0.042
-0.515 1.072
-0.553 -0.860
0.675 -0.007
-0.551 1.157
-0.592 -0.975
0.456 -0.113
-0.323 0.992
-0.457 -1.121
0.535 -0.041
-0.542 0.995
-0.352 -0.921
0.480 -0.001
-0.461 0.916
-0.616 -1.244
0.683 0.174
-0.618 1.169
-0.600 -1.181
0.657 0.067
-0.656 0.927
-0.304 -1.008
0.371 -0.108
-0.459 1.005
-0.412 -0.927
0.487 0.011
-0.640 1.094
-0.641 -1.275
0.565 0.004
-0.441 0.885
-0.295 -1.117
0.496 -0.172
-0.561 0.916
-0.622 -0.812
0.537 -0.027
-0.443 0.882
-0.433 -1.034
0.504 0.070
-0.557 1.172
-0.640 -1.098
0.572 -0.233
-0.553 0.867
-0.595 -0.985
0.398 -0.075
-0.460 1.029
-0.474 -0.998
0.451 -0.038
-0.393 1.118
-0.700 -1.082
0.330 -0.050
-0.551 0.892
-0.522 -1.005
0.519 -0.004
-0.551 1.097
-0.313 -1.080
0.560 0.169
-0.452 0.972
-0.407 -1.059
0.400 -0.090
-0.511 0.979
-0.312 -1.080
0.638 -0.037
-0.463 1.233
-0.516 -0.933
0.446 -0.059
-0.570 1.056
-0.595 -0.998
0.399 0.157
-0.335 1.321
-0.429 -0.963
0.560 0.025
-0.351 0.986
-0.625 -0.980
0.337 -0.046
-0.519 0.938
-0.547 -0.963
0.502 0.002
-0.342 1.130
-0.467 -1.004
0.438 0.019
-0.498 1.025
-0.582 -1.038
0.469 0.080
-0.566 0.939
-0.350 -0.866
0.586 0.114
-0.605 1.155
-0.628 -0.999
0.433 -0.046
-0.409 1.115
-0.506 -1.328
0.576 -0.043
-0.554 1.104
-0.437 -1.020
0.476 -0.225
-0.660 0.834
-0.473 -0.996
0.448 0.000
-0.267 1.161
-0.458 -0.989
0.426 -0.084
-0.492 0.809
-0.540 -1.041
0.417 0.021
-0.692 0.915
-0.400 -1.103
0.407 -0.317
-0.573 0.963
-0.502 -0.893
0.389 0.032
-0.503 0.926
-0.585 -0.977
0.446 -0.045
-0.556 1.006
-0.396 -0.827
0.458 -0.180
-0.638 1.232
-0.432 -0.963
0.426 -0.136
-0.335 0.881
-0.396 -1.034
0.558 0.035
-0.567 0.977
-0.482 -1.058
0.629 0.004
-0.400 1.101
-0.538 -0.963
0.556 -0.111
-0.357 0.878
-0.585 -1.058
0.533 0.083
-0.686 1.068
-0.495 -1.107
0.415 0.051
-0.547 1.027
-0.651 -0.966
0.480 -0.167
-0.658 0.963
-0.503 -1.101
0.380 -0.143
-0.469 1.237
-0.336 -1.087
0.557 -0.035
-0.548 1.083
-0.475 -1.041
0.502 -0.011
-0.668 1.009
-0.464 -0.910
0.650 -0.060
-0.684 0.989
-0.439 -0.844
0.407 0.136
-0.467 0.924
-0.637 -0.931
0.247 0.025
-0.381 0.900
-0.424 -0.783
0.596 0.148
-0.480 1.001
-0.523 -0.933
0.597 -0.233
-0.617 0.992
-0.378 -0.805
0.341 -0.100
-0.405 0.827
-0.485 -1.020
0.580 -0.070
-0.443 1.034
-0.385 -1.033
0.449 0.034
-0.522 0.996
-0.516 -1.022
0.614 0.000
-0.490 1.000
-0.527 -0.927
0.308 0.024
-0.554 1.091
-0.585 -1.098
0.634 0.067
-0.389 1.054
-0.627 -0.789
0.528 0.077
-0.514 1.027
-0.530 -1.183
0.521 -0.110
-0.584 0.876
-0.382 -0.776
0.511 -0.171
-0.511 1.080
-0.573 -0.977
0.482 -0.021
-0.510 0.836
-0.410 -0.862
0.527 -0.112
-0.545 0.954
-0.559 -0.980
0.444 -0.083
-0.687 1.026
-0.586 -1.043
0.473 0.254
-0.361 0.969
-0.463 -0.913
0.596 0.006
-0.430 0.927
-0.517 -0.946
0.598 0.080
-0.614 1.139
-0.415 -0.908
0.677 -0.061
-0.503 0.980
-0.500 -1.102
0.651 -0.040
-0.571 1.003
-0.729 -1.118
0.461 0.164
-0.462 0.952
-0.496 -0.975
0.319 -0.094
-0.646 1.088
-0.428 -0.871
0.670 0.100
-0.484 1.016
-0.444 -0.873
0.508 0.049
-0.454 1.055
-0.450 -1.030
0.259 0.197
-0.527 0.846
-0.553 -1.031
0.494 -0.070
-0.380 1.172
-0.486 -0.886
0.294 -0.006
-0.541 0.939
-0.621 -0.947
0.523 0.040
-0.399 0.963
-0.575 -1.147
0.398 -0.057
-0.287 1.055
-0.562 -1.027
0.461 -0.187
-0.505 0.931
-0.564 -1.004
0.423 0.027
-0.330 1.005
-0.529 -0.996
0.374 0.055
-0.496 1.194
-0.447 -1.090
0.705 0.046
-0.514 0.984
-0.732 -1.124
0.659 -0.140
-0.339 1.067
-0.639 -0.958
0.534 -0.052
-0.514 1.009
-0.499 -0.942
0.505 0.012
-0.578 0.993
-0.376 -0.896
0.516 -0.106
-0.571 1.087
-0.362 -0.881
0.474 0.121
-0.697 0.934
-0.506 -0.915
0.670 0.124
-0.605 1.005
-0.509 -1.040
0.466 -0.047
-0.545 1.070
-0.665 -0.964
0.533 -0.031
-0.358 1.053
-0.425 -1.049
0.284 0.047
-0.467 1.033
-0.558 -0.962
0.550 0.045
-0.509 0.978
-0.448 -1.036
0.501 -0.050
-0.493 0.860
-0.362 -1.095
0.472 -0.044
-0.468 1.028
-0.463 -1.040
0.597 -0.021
-0.380 1.116
-0.332 -0.869
0.510 0.101
-0.423 1.067
-0.482 -1.010
0.582 0.023
-0.574 1.035
-0.332 -0.958
0.737 0.062
-0.450 1.061
-0.512 -1.120
0.589 0.065
-0.676 0.944
-0.433 -0.930
0.411 0.013
-0.464 1.028
-0.462 -0.973
0.446 -0.155
-0.433 0.829
-0.634 -0.834
0.390 0.012
-0.650 0.907
-0.495 -0.922
0.352 -0.098
-0.512 0.833
-0.579 -0.995
0.524 0.164
-0.448 1.024
-0.381 -1.182
0.468 0.110
-0.525 1.078
-0.504 -1.051
0.482 -0.069
-0.214 1.069
-0.456 -1.012
0.512 0.054
-0.485 0.987
-0.687 -1.006
0.604 -0.081
-0.573 1.081
-0.536 -0.950
0.482 -0.210
-0.495 1.045
-0.583 -0.940
0.487 0.041
-0.446 1.013
-0.497 -0.971
0.357 0.074
-0.581 0.850
-0.569 -1.002
0.528 0.066
-0.586 0.883
-0.586 -0.974
0.499 -0.000
-0.271 1.142
-0.615 -0.818
0.394 -0.156
-0.360 0.998
-0.555 -0.990
0.402 0.146
-0.691 1.107
-0.446 -0.968
0.449 -0.060
-0.477 0.975
-0.448 -1.143
0.414 0.022
-0.525 1.067
-0.417 -1.152
0.348 -0.186
-0.536 1.104
-0.653 -0.876
0.590 0.051
-0.413 1.111
-0.335 -0.971
0.536 0.104
-0.552 1.107
-0.497 -1.156
0.448 -0.053
-0.402 1.060
-0.387 -0.807
0.720 0.188
-0.565 1.124
-0.351 -0.951
0.534 0.226
-0.706 0.973
-0.409 -0.903
0.624 0.047
-0.451 0.882
-0.572 -0.915
0.357 -0.163
-0.561 0.799
-0.493 -0.836
0.573 0.022
-0.329 1.169
-0.423 -1.026
0.400 -0.008
-0.693 1.095
-0.475 -0.994
0.492 0.070
-0.288 1.002
-0.627 -0.921
0.610 -0.113
-0.483 1.009
-0.550 -0.942
0.550 -0.028
-0.502 1.009
-0.371 -1.141
0.666 0.106
-0.498 0.898
-0.517 -1.038
0.402 0.030
-0.412 1.201
-0.403 -1.041
0.542 -0.110
-0.508 0.963
-0.612 -1.037
0.616 0.261
-0.554 1.005
-0.266 -1.049
0.521 0.056
-0.411 0.876
-0.541 -1.001
0.445 0.090
-0.418 0.705
-0.368 -1.104
0.590 -0.114
-0.507 1.059
-0.482 -1.103
0.577 0.029
-0.591 0.922
-0.392 -1.182
0.317 0.039
-0.632 1.077
-0.672 -0.998
0.327 0.075
-0.500 0.928
-0.537 -0.945
0.607 0.010
-0.492 1.170
-0.521 -0.889
0.458 -0.015
-0.606 1.070
-0.436 -0.921
0.480 0.064
-0.630 1.068
-0.468 -0.808
0.387 -0.061
-0.545 1.084
-0.397 -0.932
0.432 -0.189
-0.530 1.004
-0.533 -0.784
0.410 0.006
-0.623 1.067
-0.385 -1.085
0.499 0.028
-0.572 1.001
-0.421 -1.003
0.408 0.020
-0.557 0.825
-0.774 -1.157
0.317 0.104
-0.547 1.200
-0.517 -0.988
0.645 0.056
-0.551 0.887
-0.562 -0.952
0.483 0.107
-0.468 0.910
-0.584 -1.095
0.551 0.061
-0.429 0.972
-0.585 -1.073
0.772 0.141
-0.294 0.961
-0.551 -1.159
0.607 0.319
-0.372 1.122
-0.565 -1.204
0.363 0.010
-0.502 0.898
-0.481 -1.036
0.465 -0.010
-0.627 0.988
-0.457 -0.829
0.579 0.056
-0.483 1.029
-0.333 -0.952
0.644 -0.006
-0.412 0.936
-0.490 -0.982
0.435 -0.078
-0.662 1.126
-0.455 -1.048
0.612 -0.149
-0.537 1.057
-0.472 -1.113
0.455 -0.052
-0.632 1.070
-0.467 -0.905
0.549 0.109
-0.547 0.947
-0.754 -1.169
0.582 0.124
-0.588 1.002
-0.512 -1.152
0.580 -0.139
-0.421 1.143
-0.366 -0.986
0.528 -0.006
-0.508 0.973
-0.426 -1.018
0.593 -0.139
-0.422 1.079
-0.547 -0.882
0.348 0.017
-0.484 0.803
-0.367 -0.908
0.610 -0.118
-0.645 0.967
-0.477 -0.958
0.620 -0.082
-0.528 0.930
-0.463 -1.035
0.625 0.068
-0.613 0.898
-0.666 -1.145
0.424 0.064
-0.593 0.930
-0.525 -0.976
0.434 0.160
-0.309 0.869
-0.484 -0.912
0.438 -0.218
-0.506 1.010
-0.569 -0.932
0.439 -0.112
-0.511 0.974
-0.516 -0.760
0.433 -0.127
-0.397 1.087
-0.606 -0.960
0.320 0.001
-0.510 0.762
-0.479 -0.936
0.431 0.063
-0.410 0.971
-0.624 -1.055
0.536 0.025
-0.473 1.151
-0.466 -0.848
0.543 -0.020
-0.568 0.932
-0.594 -1.075
0.383 0.130
-0.623 0.896
-0.522 -0.961
0.488 0.033
-0.470 0.902
-0.711 -0.934
0.444 0.051
-0.534 1.050
-0.580 -1.001
0.694 -0.032
-0.501 1.004
-0.629 -0.885
0.426 0.023
-0.691 0.892
-0.456 -0.988
0.532 0.029
-0.558 1.047
-0.478 -0.787
0.508 0.171
-0.520 0.935
-0.482 -1.144
0.627 -0.019
-0.577 0.920
-0.640 -0.986
0.410 -0.153
-0.521 1.072
-0.591 -1.024
0.383 0.051
-0.515 1.092
-0.474 -0.872
0.450 -0.015
-0.606 1.124
-0.413 -0.878
0.466 -0.248
-0.411 0.814
-0.463 -0.904
0.520 0.030
-0.661 1.005
-0.636 -0.878
0.608 0.028
-0.407 0.883
-0.474 -0.977
0.482 0.226
-0.441 0.980
-0.642 -0.943
0.452 0.066
-0.577 1.046
-0.423 -0.985
0.431 0.181
-0.445 1.012
-0.444 -1.178
0.501 -0.068
-0.513 0.988
-0.327 -1.168
0.590 0.024
-0.526 1.127
-0.327 -0.952
0.365 0.038
-0.642 0.924
-0.519 -1.079
0.291 -0.036
-0.555 1.124
-0.608 -1.193
0.607 0.032
-0.449 1.015
-0.668 -0.978
0.551 -0.042
-0.551 1.066
-0.454 -0.867
0.465 -0.026
-0.539 1.085
-0.501 -1.007
0.559 0.030
-0.571 0.939
-0.349 -1.104
0.554 0.038
-0.602 1.170
-0.726 -0.963
0.523 0.010
-0.386 0.950
-0.583 -1.066
0.541 0.028
-0.647 1.125
-0.516 -1.068
0.355 -0.058
-0.416 1.008
-0.323 -0.954
0.319 -0.061
-0.598 1.030
-0.436 -0.954
0.646 0.092
-0.496 1.137
-0.558 -0.992
0.590 0.043
-0.572 1.048
-0.496 -0.930
0.516 0.068
-0.457 1.144
-0.350 -0.985
0.352 -0.102
-0.422 0.908
-0.519 -1.147
0.496 0.054
-0.420 0.855
-0.638 -1.067
0.528 0.096
-0.433 1.068
-0.486 -0.975
0.633 0.002
-0.486 1.113
-0.502 -0.931
0.508 -0.111
-0.563 1.099
-0.520 -1.058
0.472 -0.088
-0.449 1.092
-0.399 -0.957
0.597 0.037
-0.487 1.004
-0.465 -1.130
0.462 -0.144
-0.417 0.773
-0.691 -0.982
0.297 0.026
-0.654 1.074
-0.493 -0.925
0.470 -0.046
-0.539 1.002
-0.403 -0.983
0.586 -0.070
-0.393 0.970
-0.541 -1.042
0.339 0.078
-0.443 0.826
-0.440 -1.030
0.542 0.151
-0.415 0.849
-0.545 -1.033
0.291 -0.024
-0.415 1.108
-0.390 -1.149
0.644 -0.145
-0.632 0.913
-0.481 -0.963
0.393 -0.042
-0.689 1.147
-0.331 -0.742
0.435 -0.117
-0.483 1.011
-0.367 -0.991
0.337 0.063
-0.642 0.997
-0.408 -1.050
0.447 -0.081
-0.584 0.869
-0.445 -1.046
0.360 0.068
-0.432 1.221
-0.462 -0.906
0.558 -0.067
-0.659 1.099
-0.506 -1.005
0.582 -0.017
-0.405 0.927
-0.740 -0.969
0.600 0.020
-0.493 1.120
-0.437 -1.023
0.436 0.051
-0.361 0.864
-0.216 -0.897
0.663 0.077
-0.483 0.949
-0.385 -0.924
0.360 0.152
-0.334 0.913
-0.667 -0.911
0.437 0.101
-0.561 1.125
-0.370 -1.084
0.435 -0.017
-0.637 0.917
-0.504 -1.081
0.429 -0.147
-0.561 1.026
-0.346 -1.132
0.450 -0.086
-0.510 0.922
-0.317 -0.928
0.535 0.218
-0.553 1.013
-0.327 -1.153
0.477 -0.170
-0.523 1.005
-0.540 -1.063
0.555 0.017
-0.381 1.054
-0.504 -0.998
0.459 0.014
-0.392 1.053
-0.246 -0.978
0.590 0.087
-0.583 0.963
-0.357 -0.940
0.361 -0.174
-0.630 0.899
-0.439 -0.954
0.421 -0.110
-0.525 1.077
-0.531 -1.067
0.357 0.160
-0.456 0.957
-0.505 -1.013
0.566 -0.088
-0.421 0.991
0.355 -1.086
-0.287 -0.112
0.587 0.950
0.500 -1.113
-0.440 -0.141
0.569 1.033
0.231 -0.887
-0.448 -0.131
0.383 1.083
0.530 -0.941
-0.318 -0.022
0.578 0.993
0.455 -0.849
-0.457 0.009
0.627 0.961
0.410 -0.909
-0.505 0.002
0.525 0.941
0.552 -0.930
-0.392 -0.024
0.513 0.782
0.568 -1.055
-0.493 -0.082
0.343 0.993
0.425 -1.007
-0.398 0.107
0.508 0.987
0.600 -1.026
-0.598 -0.180
0.446 1.112
0.591 -0.923
-0.476 0.083
0.554 1.123
0.428 -1.024
-0.510 0.103
0.493 0.928
0.541 -0.809
-0.446 -0.108
0.631 0.935
0.544 -0.996
-0.578 0.059
0.496 0.864
0.468 -1.128
-0.559 -0.018
0.302 1.018
0.561 -0.900
-0.493 0.174
0.587 1.059
0.503 -0.764
-0.405 -0.024
0.442 1.021
0.528 -1.067
-0.485 0.103
0.616 0.907
0.636 -1.006
-0.365 0.092
0.414 0.935
0.529 -1.008
-0.475 0.066
0.346 1.167
0.436 -0.946
-0.554 0.150
0.234 1.002
0.587 -0.982
-0.598 -0.015
0.568 1.212
0.479 -0.797
-0.398 0.190
0.448 0.836
0.567 -1.133
-0.621 -0.182
0.433 1.040
0.549 -0.872
-0.562 -0.043
0.492 0.890
0.536 -1.083
-0.361 0.073
0.623 0.957
0.451 -0.901
-0.543 -0.077
0.662 1.029
0.702 -1.046
-0.389 -0.015
0.441 0.877
0.480 -0.946
-0.444 0.122
0.406 1.106
0.391 -0.991
-0.358 -0.038
0.481 0.922
0.524 -0.949
-0.455 0.046
0.549 1.133
0.585 -1.013
-0.490 0.185
0.379 0.942
0.511 -1.046
-0.539 0.034
0.396 0.813
0.473 -0.882
-0.578 -0.157
0.479 1.280
0.321 -0.998
-0.522 -0.167
0.495 0.916
0.365 -0.951
-0.508 0.045
0.449 0.841
0.549 -0.983
-0.478 0.114
0.275 0.965
0.617 -1.006
-0.716 -0.127
0.515 0.884
0.617 -1.040
-0.526 -0.065
0.423 0.958
0.585 -0.985
-0.556 0.221
0.585 0.985
0.493 -1.034
-0.562 0.077
0.483 0.987
0.492 -0.976
-0.528 -0.052
0.560 0.876
0.559 -0.881
-0.558 -0.023
0.543 1.113
0.550 -1.049
-0.631 -0.196
0.617 0.771
0.334 -1.072
-0.653 0.009
0.665 1.043
0.555 -0.929
-0.563 -0.046
0.522 0.993
0.407 -1.026
-0.436 0.173
0.430 0.992
0.503 -0.960
-0.271 0.127
0.440 0.920
0.550 -1.138
-0.409 -0.131
0.576 0.983
0.357 -1.050
-0.635 -0.152
0.404 1.178
0.621 -1.048
-0.351 0.127
0.441 1.058
0.666 -0.951
-0.569 0.132
0.588 1.068
0.347 -0.892
-0.632 0.021
0.413 1.053
0.406 -0.971
-0.516 0.107
0.423 0.912
0.583 -1.093
-0.435 -0.025
0.667 0.978
0.507 -1.039
-0.394 -0.019
0.479 0.960
0.559 -0.985
-0.484 0.158
0.491 0.919
0.370 -0.945
-0.716 0.005
0.608 1.155
0.627 -1.043
-0.458 0.112
0.499 1.093
0.629 -1.178
-0.442 -0.180
0.613 1.059
0.471 -0.959
-0.589 0.006
0.518 0.840
0.554 -0.855
-0.581 -0.094
0.445 1.018
0.546 -0.919
-0.567 0.031
0.458 1.000
0.546 -1.172
-0.419 0.040
0.482 1.326
0.458 -1.026
-0.381 0.007
0.412 0.995
0.466 -1.006
-0.465 0.066
0.659 0.973
0.449 -1.081
-0.676 -0.052
0.481 0.946
0.500 -1.002
-0.536 -0.214
0.421 1.167
0.247 -0.902
-0.531 0.114
0.642 0.804
0.490 -0.974
-0.395 0.096
0.500 0.931
0.461 -1.153
-0.404 -0.018
0.491 1.062
0.513 -0.973
-0.471 -0.151
0.453 0.981
0.617 -1.117
-0.511 -0.031
0.564 1.043
0.381 -0.874
-0.527 0.016
0.442 1.167
0.562 -0.883
-0.504 0.034
0.506 1.134
0.392 -1.106
-0.548 0.000
0.509 1.118
0.365 -1.037
-0.481 0.101
0.699 0.952
0.556 -1.046
-0.421 0.004
0.649 0.924
0.661 -1.010
-0.424 0.117
0.443 1.080
0.477 -0.813
-0.463 -0.007
0.458 1.067
0.590 -0.997
-0.426 -0.059
0.565 0.938
0.553 -0.902
-0.449 -0.104
0.520 0.915
0.433 -1.066
-0.506 0.069
0.467 0.893
0.378 -1.054
-0.418 0.022
0.478 0.937
0.544 -1.011
-0.616 -0.046
0.602 1.066
0.694 -1.084
-0.542 -0.252
0.526 1.161
0.410 -1.010
-0.497 -0.016
0.482 0.880
0.502 -0.872
-0.382 -0.034
0.555 1.000
0.414 -0.978
-0.496 -0.012
0.406 0.824
0.602 -0.993
-0.468 -0.030
0.634 0.940
0.557 -1.114
-0.616 -0.070
0.454 0.926
0.512 -0.900
-0.769 0.049
0.437 0.808
0.336 -0.927
-0.570 -0.084
0.499 1.131
0.444 -1.012
-0.470 0.083
0.475 0.854
0.620 -0.977
-0.625 -0.090
0.433 1.157
0.632 -0.851
-0.416 -0.031
0.592 0.915
0.441 -0.924
-0.379 0.246
0.562 1.065
0.521 -1.012
-0.582 0.250
0.449 1.050
0.485 -0.813
-0.520 0.007
0.465 1.096
0.506 -0.875
-0.399 0.066
0.473 0.995
0.532 -0.950
-0.604 0.056
0.517 1.107
0.399 -0.879
-0.282 0.166
0.417 0.829
0.624 -1.302
-0.487 0.187
0.338 0.884
0.552 -1.080
-0.577 0.092
0.470 1.069
0.743 -1.023
-0.562 -0.097
0.620 1.054
0.605 -1.079
-0.522 -0.008
0.352 1.040
0.283 -1.074
-0.454 -0.054
0.523 1.008
0.484 -0.822
-0.534 -0.078
0.376 0.887
0.425 -1.180
-0.565 -0.192
0.771 1.117
0.636 -0.779
-0.599 -0.070
0.548 1.061
0.483 -0.976
-0.561 -0.138
0.602 1.095
0.445 -1.084
-0.641 0.086
0.478 0.990
0.287 -1.165
-0.354 -0.017
0.596 1.165
0.690 -0.928
-0.503 -0.053
0.486 1.036
0.404 -1.020
-0.613 0.058
0.389 1.055
0.350 -1.069
-0.382 0.014
0.559 1.048
0.452 -0.959
-0.469 -0.028
0.634 0.969
0.570 -1.024
-0.491 -0.035
0.576 1.055
0.389 -0.938
-0.509 0.090
0.491 1.138
0.634 -0.989
-0.516 0.019
0.639 0.883
0.607 -1.075
-0.479 0.054
0.423 1.009
0.530 -1.154
-0.217 -0.070
0.557 0.907
0.401 -1.058
-0.326 0.123
0.468 0.941
0.376 -0.950
-0.498 0.017
0.541 1.015
0.471 -0.899
-0.513 -0.022
0.464 1.004
0.488 -1.186
-0.646 0.120
0.454 0.898
0.399 -1.097
-0.413 0.009
0.384 1.093
0.390 -0.898
-0.725 -0.020
0.534 0.965
0.467 -1.090
-0.339 -0.191
0.601 1.132
0.478 -1.164
-0.465 0.060
0.477 0.918
0.521 -1.136
-0.507 -0.119
0.572 1.039
0.561 -1.069
-0.403 0.092
0.430 0.881
0.435 -1.004
-0.439 -0.233
0.382 1.104
0.483 -0.934
-0.394 0.123
0.289 1.134
0.534 -1.020
-0.525 -0.074
0.493 1.030
0.417 -0.976
-0.669 0.128
0.617 1.168
0.606 -0.955
-0.528 -0.005
0.552 1.223
0.644 -1.089
-0.617 0.056
0.720 1.068
0.391 -0.983
-0.426 0.027
0.571 0.931
0.490 -1.012
-0.431 -0.177
0.342 1.055
0.461 -0.885
-0.440 -0.077
0.656 0.907
0.477 -1.114
-0.395 -0.028
0.566 1.073
0.528 -0.910
-0.629 -0.174
0.563 1.068
0.399 -0.936
-0.377 -0.055
0.538 0.923
0.431 -0.724
-0.566 0.085
0.430 1.061
0.553 -1.054
-0.552 0.147
0.498 1.132
0.361 -1.079
-0.371 -0.095
0.615 1.052
0.538 -0.966
-0.481 0.236
0.403 1.067
0.364 -0.892
-0.625 -0.001
0.504 1.062
0.500 -0.939
-0.744 0.067
0.591 1.115
0.504 -0.756
-0.339 -0.032
0.630 0.925
0.569 -1.114
-0.511 0.099
0.521 1.221
0.662 -1.178
-0.457 -0.105
0.435 1.034
0.395 -0.885
-0.469 -0.090
0.394 0.966
0.332 -0.941
-0.512 0.181
0.568 1.009
0.580 -0.860
-0.497 -0.131
0.429 0.992
0.506 -0.833
-0.458 -0.100
0.330 0.889
0.490 -0.967
-0.520 -0.017
0.430 0.905
0.521 -0.939
-0.480 -0.134
0.543 0.992
0.468 -1.015
-0.439 0.088
0.485 0.911
0.443 -1.129
-0.516 -0.086
0.463 1.130
0.409 -1.064
-0.589 -0.041
0.519 1.064
0.538 -1.072
-0.442 0.003
0.450 1.014
0.548 -0.943
-0.426 0.071
0.594 0.808
0.390 -1.198
-0.372 -0.130
0.432 1.081
0.351 -0.960
-0.504 -0.058
0.601 1.131
0.487 -1.134
-0.453 0.083
0.687 1.036
0.767 -1.188
-0.455 -0.072
0.454 0.941
0.514 -1.159
-0.539 -0.028
0.454 0.911
0.420 -1.177
-0.614 0.032
0.594 1.172
0.448 -1.160
-0.537 -0.032
0.441 0.875
0.614 -1.128
-0.520 -0.217
0.248 0.925
0.626 -1.033
-0.415 -0.054
0.521 1.141
0.508 -0.984
-0.442 0.177
0.416 1.102
0.500 -0.920
-0.535 -0.044
0.437 0.998
0.599 -1.059
-0.475 0.091
0.501 0.948
0.665 -0.932
-0.572 0.145
0.517 0.987
0.465 -0.928
-0.526 -0.028
0.671 1.063
0.654 -0.957
-0.471 0.001
0.752 0.990
0.529 -1.137
-0.470 0.010
0.476 1.105
0.307 -0.977
-0.541 0.147
0.562 0.950
0.480 -0.978
-0.488 0.080
0.393 1.053
0.397 -1.199
-0.446 0.046
0.347 1.003
0.664 -0.848
-0.614 -0.016
0.451 0.836
0.436 -1.022
-0.516 0.111
0.733 1.029
0.373 -0.977
-0.617 -0.105
0.506 1.217
0.450 -0.981
-0.624 0.080
0.522 1.048
0.272 -0.960
-0.594 0.063
0.304 1.059
0.431 -0.941
-0.633 0.044
0.591 0.948
0.472 -0.903
-0.505 0.173
0.624 1.095
0.453 -0.851
-0.525 -0.035
0.568 1.117
0.414 -0.985
-0.499 0.113
0.619 0.819
0.495 -1.033
-0.522 -0.102
0.440 0.887
0.559 -0.964
-0.248 -0.160
0.513 1.077
0.477 -0.994
-0.420 0.122
0.362 1.111
0.531 -0.969
-0.396 0.045
0.533 0.961
0.570 -0.879
-0.525 -0.039
0.309 1.042
0.454 -0.978
-0.381 -0.112
0.486 1.124
0.370 -1.029
-0.511 -0.037
0.570 1.134
0.659 -0.958
-0.415 0.216
0.489 1.001
0.376 -1.108
-0.540 0.092
0.438 0.877
0.466 -1.055
-0.679 0.055
0.449 0.944
0.502 -1.084
-0.477 -0.021
0.579 1.038
0.561 -1.106
-0.483 -0.066
0.681 1.045
0.459 -0.911
-0.515 -0.078
0.587 1.141
0.476 -1.059
-0.463 -0.177
0.607 0.945
0.377 -1.070
-0.507 -0.237
0.456 1.176
0.456 -0.760
-0.548 -0.067
0.630 0.854
0.656 -1.012
-0.622 -0.074
0.399 0.976
0.349 -1.069
-0.651 -0.064
0.534 1.185
0.611 -0.942
-0.633 -0.029
0.613 1.073
0.624 -0.857
-0.534 0.023
0.528 1.007
0.404 -0.990
-0.479 -0.001
0.636 1.064
0.392 -0.827
-0.459 -0.143
0.457 1.201
0.525 -0.838
-0.453 -0.039
0.406 0.982
0.636 -1.069
-0.455 0.041
0.468 1.152
0.389 -1.003
-0.617 -0.013
0.622 1.018
0.427 -0.843
-0.530 0.022
0.584 1.144
0.609 -1.037
-0.552 -0.009
0.573 0.900
0.547 -0.946
-0.332 0.077
0.471 0.985
0.646 -0.969
-0.645 -0.007
0.678 0.846
0.499 -0.999
-0.542 0.115
0.517 0.967
0.455 -0.878
-0.530 0.198
0.234 0.946
0.483 -1.014
-0.349 -0.033
0.416 1.331
0.439 -1.009
-0.463 0.015
0.363 0.956
0.472 -0.892
-0.512 -0.017
0.320 0.898
0.555 -0.888
-0.345 0.022
0.499 1.061
0.445 -1.140
-0.600 -0.206
0.395 1.047
0.573 -0.882
-0.410 -0.020
0.408 1.012
0.454 -1.058
-0.545 0.016
0.585 1.078
0.403 -0.907
-0.671 0.044
0.646 1.134
0.318 -1.006
-0.513 -0.096
0.532 1.016
0.639 -0.956
-0.434 -0.064
0.637 0.888
0.673 -0.920
-0.347 -0.017
0.420 1.136
0.434 -0.877
-0.472 -0.168
0.495 0.902
0.513 -0.994
-0.466 -0.037
0.585 0.949
0.429 -0.876
-0.413 -0.071
0.661 1.100
0.564 -1.021
-0.459 -0.093
0.535 1.133
0.547 -0.893
-0.604 -0.155
0.509 0.915
0.511 -1.037
-0.562 -0.104
0.597 0.964
0.619 -0.817
-0.288 0.125
0.268 0.864
0.467 -1.066
-0.573 -0.115
0.516 1.159
0.405 -0.922
-0.562 0.001
0.538 1.052
0.611 -0.920
-0.620 -0.052
0.500 0.991
0.238 -1.043
-0.422 -0.063
0.535 1.038
0.509 -0.986
-0.460 -0.098
0.632 1.067
0.330 -0.748
-0.471 0.237
0.413 1.252
0.749 -1.000
-0.523 0.087
0.500 0.838
0.612 -1.173
-0.452 -0.133
0.499 0.990
0.441 -1.011
-0.504 -0.015
0.706 1.122
0.575 -1.087
-0.216 0.006
0.391 1.024
0.561 -0.918
-0.693 0.139
0.539 0.906
0.522 -0.970
-0.525 0.034
0.540 1.038
0.483 -0.760
-0.578 -0.225
0.459 1.108
0.263 -1.053
-0.594 -0.161
0.461 1.062
0.583 -1.087
-0.428 -0.012
0.482 1.159
0.640 -1.047
-0.545 -0.166
0.466 0.852
0.389 -1.005
-0.473 0.072
0.441 0.862
0.510 -1.229
-0.484 0.083
0.304 1.050
0.498 -1.104
-0.491 0.027
0.547 0.912
0.447 -0.908
-0.366 -0.023
0.450 1.038
0.530 -0.936
-0.501 0.130
0.414 1.004
0.579 -1.008
-0.344 0.028
0.386 0.947
0.507 -0.943
-0.395 -0.110
0.511 0.999
0.367 -0.933
-0.469 -0.086
0.304 1.007
0.253 -0.920
-0.313 -0.055
0.451 0.948
0.523 -0.862
-0.482 0.058
0.509 1.039
0.448 -0.955
-0.342 0.066
0.605 0.798
0.457 -1.181
-0.337 -0.055
0.499 1.189
0.460 -1.078
-0.660 -0.068
0.453 1.035
0.533 -1.015
-0.567 -0.018
0.526 1.020
0.563 -0.933
-0.610 0.141
0.368 1.004
0.402 -0.970
-0.603 0.092
0.325 0.984
0.590 -0.992
-0.420 -0.068
0.415 0.940
0.517 -0.950
-0.540 0.073
0.282 0.969
0.656 -1.056
-0.511 0.009
0.534 1.081
0.481 -1.136
-0.564 -0.093
0.712 0.957
0.636 -0.970
-0.527 -0.138
0.628 1.000
0.493 -1.031
-0.568 -0.067
0.577 0.951
0.530 -0.861
-0.536 0.101
0.792 1.088
0.773 -0.911
-0.571 0.024
0.574 1.144
0.718 -0.854
-0.356 0.060
0.516 0.900
0.553 -1.195
-0.617 0.231
0.639 1.108
0.412 -1.028
-0.364 -0.155
0.604 0.824
0.483 -1.080
-0.641 -0.079
0.633 1.035
0.410 -0.967
-0.510 0.169
0.451 0.928
0.554 -0.931
-0.415 -0.019
0.734 0.917
0.534 -1.164
-0.485 -0.030
0.422 0.910
0.531 -0.993
-0.766 0.029
0.614 0.811
0.505 -0.990
-0.719 -0.097
0.459 0.847
0.409 -1.006
-0.339 -0.011
0.535 0.945
0.373 -1.115
-0.473 0.073
0.450 0.934
0.594 -0.932
-0.501 0.045
0.415 0.839
0.641 -1.065
-0.636 0.025
0.531 1.030
0.490 -0.932
-0.384 0.152
0.371 1.153
0.419 -1.034
-0.597 -0.039
0.346 1.014
0.416 -0.994
-0.287 -0.034
0.512 0.877
0.493 -1.155
-0.618 -0.156
0.338 1.166
0.466 -1.093
-0.444 -0.051
0.608 0.990
0.367 -0.934
-0.434 -0.212
0.501 1.107
0.543 -0.988
-0.419 0.173
0.507 1.078
0.350 -1.031
-0.548 0.049
0.473 1.115
0.543 -0.960
-0.543 0.010
0.544 1.045
0.590 -0.881
-0.560 0.089
0.682 0.940
0.666 -1.055
-0.571 0.025
0.681 0.973
0.552 -1.014
-0.434 -0.116
0.606 0.945
0.704 -0.977
-0.466 0.070
0.427 0.919
0.343 -0.955
-0.466 0.028
0.491 1.132
0.385 -1.039
-0.403 0.250
0.476 1.087
0.428 -0.916
-0.501 -0.145
0.562 1.044
0.397 -1.104
-0.476 0.031
0.537 0.947
0.524 -1.184
-0.398 0.129
0.484 0.964
0.666 -1.103
-0.595 -0.072
0.513 0.992
0.408 -0.927
-0.561 0.085
0.473 1.069
0.669 -1.053
-0.448 0.072
0.541 1.065
0.414 -1.255
-0.325 0.044
0.550 0.983
0.617 -1.158
-0.325 -0.026
0.382 0.934
0.736 -0.997
-0.242 0.107
0.588 0.909
0.538 -0.920
-0.455 -0.043
0.598 0.955
0.653 -0.851
-0.502 -0.056
0.513 0.898
0.449 -0.988
-0.567 -0.073
0.552 1.010
0.577 -1.149
-0.276 -0.032
0.467 0.966
0.358 -0.796
-0.657 -0.001
0.259 1.067
0.545 -1.010
-0.460 0.178
0.552 1.013
0.493 -1.201
-0.648 0.127
0.546 1.002
0.366 -1.191
-0.499 0.113
0.605 0.863
0.514 -0.998
-0.452 0.039
0.635 1.089
0.512 -0.913
-0.609 0.247
0.495 1.014
0.464 -1.157
-0.602 0.055
0.431 1.033
0.413 -0.846
-0.359 -0.088
0.441 0.905
0.545 -0.937
-0.402 0.012
0.594 0.900
0.595 -1.001
-0.614 -0.125
0.273 0.984
0.498 -0.987
-0.368 -0.125
0.599 1.055
0.388 -1.116
-0.588 -0.031
0.458 1.180
0.371 -1.030
-0.506 -0.014
0.577 1.002
0.550 -0.946
-0.626 -0.118
0.401 1.007
0.653 -0.960
-0.573 0.105
0.406 1.105
0.442 -1.008
-0.440 0.131
0.409 0.853
0.429 -0.859
-0.507 0.021
0.483 1.121
0.574 -1.009
-0.574 -0.125
0.355 0.917
0.456 -0.979
-0.458 0.107
0.355 0.882
0.473 -0.744
-0.571 -0.010
0.503 1.236
0.445 -0.946
-0.570 -0.005
0.450 0.942
0.532 -1.052
-0.504 -0.105
0.494 1.075
0.669 -1.091
-0.527 -0.013
0.547 0.942
0.479 -1.009
-0.431 0.013
0.568 0.944
0.517 -0.986
-0.369 -0.030
0.712 1.027
0.444 -1.070
-0.431 -0.011
0.700 0.838
0.405 -0.859
-0.487 0.010
0.378 0.995
0.454 -1.013
-0.547 -0.119
0.544 0.855
0.495 -0.988
-0.452 -0.072
0.584 0.892
0.392 -0.848
-0.415 -0.073
0.415 1.030
0.565 -0.969
-0.500 -0.053
0.483 1.167
0.603 -0.866
-0.293 0.041
0.572 0.897
0.604 -0.877
-0.533 -0.087
0.493 1.055
0.419 -0.832
-0.606 0.035
0.421 1.025
0.200 -1.112
-0.559 0.168
0.465 1.050
0.229 -0.962
-0.458 -0.007
0.291 0.871
0.406 -1.088
-0.533 -0.056
0.622 1.088
0.650 -0.972
-0.367 -0.100
0.423 1.098
0.491 -0.995
-0.417 -0.086
0.545 0.821
0.394 -0.939
-0.440 -0.057
0.597 1.014
0.473 -0.823
-0.495 -0.146
0.398 1.022
0.579 -0.956
-0.227 0.021
0.525 1.020
0.458 -0.753
-0.526 0.047
0.583 1.043
0.633 -1.121
-0.347 0.138
0.621 0.977
0.465 -0.973
-0.662 -0.039
0.337 1.049
0.411 -1.112
-0.363 0.115
0.579 1.047
0.433 -0.927
-0.616 0.047
0.296 1.198
0.291 -1.069
-0.462 0.077
0.406 0.878
0.457 -0.903
-0.430 -0.158
0.427 0.948
0.486 -1.004
-0.551 0.005
0.385 0.982
0.428 -0.981
-0.502 -0.097
0.337 0.999
0.836 -1.092
-0.310 -0.056
0.534 1.030
0.452 -0.912
-0.579 -0.047
0.498 1.080
0.431 -1.130
-0.599 0.101
0.333 1.082
0.528 -1.016
-0.533 0.098
0.427 1.060
0.371 -1.044
-0.477 0.137
0.406 0.896
0.396 -0.961
-0.453 0.157
0.416 1.032
0.470 -0.897
-0.639 -0.084
0.666 1.096
0.486 -1.072
-0.386 -0.030
0.362 1.020
0.374 -0.928
-0.286 0.176
0.448 0.911
0.470 -1.136
-0.532 0.243
0.422 1.127
0.407 -1.125
-0.511 -0.093
0.694 1.041
0.521 -0.824
-0.565 0.023
0.539 1.030
0.531 -0.978
-0.535 0.067
0.702 0.755
0.559 -0.954
-0.656 -0.128
0.521 0.919
0.476 -0.983
-0.721 -0.029
0.692 1.136
0.471 -0.956
-0.596 0.093
0.500 0.726
0.622 -0.870
-0.549 -0.212
0.465 0.923
0.609 -1.014
-0.523 0.011
0.667 1.027
0.497 -1.044
-0.441 0.086
0.505 0.840
0.442 -1.071
-0.640 -0.040
0.372 0.857
0.472 -0.963
-0.419 0.295
0.390 0.900
0.507 -1.054
-0.501 0.146
0.484 0.958
0.552 -0.846
-0.551 0.243
0.423 0.856
0.746 -1.152
-0.554 0.154
0.322 1.138
0.536 -1.000
-0.508 -0.128
0.481 0.942
0.317 -0.877
-0.631 -0.156
0.494 0.954
0.451 -1.265
-0.444 0.049
0.440 0.968
0.459 -1.000
-0.473 -0.004
0.377 1.105
0.455 -0.987
-0.666 0.079
0.446 1.030
0.748 -0.831
-0.535 -0.013
0.493 0.993
0.490 -1.098
-0.456 0.216
0.441 1.004
0.651 -1.057
-0.529 0.013
0.468 0.953
0.446 -0.933
-0.520 -0.063
0.309 1.107
0.604 -1.126
-0.479 -0.223
0.327 0.957
0.429 -1.023
-0.532 0.056
0.606 1.068
0.416 -1.143
-0.715 -0.030
0.513 1.045
0.387 -0.951
-0.654 0.109
0.332 0.953
0.532 -1.104
-0.568 0.129
0.435 1.079
0.516 -0.913
-0.564 -0.087
0.432 1.111
0.601 -0.983
-0.662 0.002
0.581 1.059
0.389 -0.931
-0.634 -0.022
0.576 1.002
0.525 -1.144
-0.488 0.045
0.551 0.985
0.561 -1.073
-0.571 -0.208
0.439 0.826
0.449 -0.868
-0.499 0.005
0.466 1.054
0.566 -0.825
-0.610 -0.186
0.411 1.069
0.413 -0.921
-0.512 -0.043
0.320 0.969
0.462 -0.822
-0.504 0.094
0.753 0.987
0.436 -1.156
-0.489 -0.172
0.641 0.943
0.686 -1.017
-0.588 -0.098
0.477 1.130
0.633 -0.922
-0.538 -0.045
0.282 0.869
0.613 -0.841
-0.422 0.044
0.459 0.861
0.468 -0.922
-0.571 0.038
0.505 0.812
0.470 -1.024
-0.500 0.096
0.620 0.928
0.428 -0.924
-0.309 0.052
0.665 1.041
0.455 -0.946
-0.480 0.202
0.492 1.159
0.440 -1.057
-0.521 -0.094
0.437 0.879
0.554 -1.038
-0.675 0.093
0.495 1.050
0.409 -0.950
-0.391 0.149
0.416 0.894
0.623 -0.985
-0.383 0.043
0.394 0.924
0.451 -1.083
-0.537 0.077
0.265 0.749
0.573 -0.821
-0.538 -0.030
0.157 0.931
0.413 -1.199
-0.439 -0.014
0.535 1.035
0.337 -1.227
-0.591 -0.128
0.576 0.862
0.642 -1.038
-0.410 -0.002
0.441 1.042
0.578 -1.170
-0.512 0.132
0.471 0.899
0.742 -0.905
-0.417 -0.125
0.598 1.031
0.408 -1.003
-0.707 -0.105
0.517 0.970
0.429 -1.146
-0.514 -0.185
0.490 1.157
0.402 -1.065
-0.636 -0.142
0.357 0.905
0.484 -0.928
-0.484 -0.186
0.642 0.953
0.500 -1.020
-0.476 0.157
0.313 0.936
0.482 -0.827
-0.335 -0.064
0.618 1.071
0.617 -1.171
-0.493 -0.033
0.540 1.169
0.573 -1.201
-0.456 -0.206
0.440 1.061
0.517 -0.909
-0.517 -0.146
0.393 1.118
0.551 -1.067
-0.510 0.034
0.361 0.984
0.351 -1.006
-0.326 -0.087
0.470 0.917
0.464 -1.007
-0.705 0.021
0.276 1.091
0.578 -1.109
-0.410 0.064
0.681 1.003
0.594 -1.015
-0.495 -0.034
0.619 1.012
0.536 -1.201
-0.502 -0.009
0.551 0.864
0.483 -0.932
-0.471 0.143
0.688 0.976
0.390 -1.055
-0.399 0.036
0.466 1.026
0.346 -1.101
-0.642 0.021
0.442 0.980
0.388 -0.904
-0.501 0.179
0.513 1.005
0.509 -1.129
-0.586 -0.240
0.531 0.812
0.338 -1.049
-0.419 0.054
0.451 0.986
0.594 -0.953
-0.552 -0.058
0.256 0.957
0.735 -1.163
-0.376 0.122
0.384 1.151
0.443 -0.949
-0.478 -0.022
0.525 1.057
0.602 -0.981
-0.442 0.030
0.330 1.007
0.470 -1.128
-0.479 0.120
0.506 1.138
0.497 -0.943
-0.517 -0.120
0.505 1.004
0.431 -1.184
-0.478 -0.059
0.411 0.853
0.558 -1.040
-0.509 -0.054
0.546 0.834
0.357 -1.104
-0.449 -0.032
0.487 0.947
0.588 -0.948
-0.636 -0.022
0.526 0.906
0.380 -0.834
-0.472 0.052
0.638 0.847
0.482 -0.861
-0.614 0.138
0.551 0.970
0.524 -1.000
-0.496 0.017
0.456 1.102
0.362 -1.024
-0.510 -0.024
0.276 1.015
0.516 -1.026
-0.532 0.012
0.596 1.043
0.510 -1.245
-0.558 -0.013
0.501 0.994
0.486 -0.896
-0.541 0.041
0.580 1.073
0.437 -1.027
-0.461 0.099
0.542 0.956
0.529 -1.127
-0.286 -0.065
0.453 1.008
0.647 -0.919
-0.351 0.109
0.516 0.969
0.584 -0.897
-0.376 -0.103
0.570 1.034
0.505 -0.866
-0.738 0.070
0.516 1.195
0.501 -0.943
-0.623 0.118
0.666 1.084
0.602 -1.059
-0.465 0.162
0.511 0.942
0.740 -0.714
-0.432 0.008
0.541 0.848
0.322 -0.808
-0.476 0.096
0.485 0.938
0.533 -1.172
-0.628 0.046
0.457 1.031
0.519 -1.010
-0.388 0.080
0.408 0.966
0.596 -1.069
-0.584 -0.369
0.583 0.822
0.558 -1.163
-0.550 -0.208
0.574 0.915
0.512 -0.966
-0.551 0.030
0.464 1.116
0.459 -0.948
-0.510 0.012
0.266 0.994
0.466 -1.155
-0.466 -0.015
0.541 0.966
0.396 -0.932
-0.585 -0.146
0.591 1.003
0.478 -0.872
-0.463 -0.003
0.599 1.057
0.561 -0.961
-0.679 0.029
0.641 1.010
0.551 -0.986
-0.520 -0.017
0.443 0.878
0.545 -1.075
-0.529 0.070
0.582 1.072
0.613 -0.916
-0.494 0.034
0.405 1.109
0.485 -0.874
-0.579 -0.034
0.481 0.960
0.512 -1.004
-0.532 -0.002
0.353 1.054
0.421 -0.865
-0.655 0.063
0.318 0.867
0.538 -0.940
-0.500 -0.072
0.685 1.112
0.275 -1.088
-0.500 0.076
0.638 0.936
0.433 -1.068
-0.521 -0.274
0.672 1.042
0.594 -1.069
-0.663 0.201
0.524 1.062
0.500 -1.011
-0.510 -0.043
0.526 1.013
0.637 -1.140
-0.462 -0.140
0.721 0.938
0.573 -0.801
-0.340 0.130
0.485 1.102
0.512 -1.103
-0.644 -0.017
0.599 1.257
0.249 -1.145
-0.547 0.112
0.382 1.213
0.567 -0.972
-0.444 -0.062
0.440 1.000
0.324 -1.190
-0.383 0.181
0.466 1.104
0.424 -1.089
-0.643 -0.050
0.531 0.905
0.411 -1.036
-0.484 -0.027
0.704 0.975
0.424 -1.003
-0.785 -0.029
0.489 1.112
0.578 -0.768
-0.446 0.153
0.433 1.117
0.303 -0.944
-0.689 -0.187
0.516 0.964
0.423 -1.004
-0.571 0.074
0.470 1.024
0.677 -1.251
-0.379 0.069
0.550 0.909
0.573 -1.200
-0.463 0.190
0.339 1.001
0.461 -1.018
-0.648 -0.097
0.610 0.983
0.339 -0.911
-0.287 -0.014
0.565 0.849
0.634 -0.997
-0.562 -0.026
0.448 0.851
0.455 -0.849
-0.447 0.101
0.703 1.022
0.478 -1.023
-0.533 0.117
0.268 1.001
0.466 -0.958
-0.565 0.060
0.557 0.866
0.733 -0.826
-0.353 -0.152
0.252 0.958
0.499 -0.948
-0.444 -0.161
0.547 0.846
0.292 -1.046
-0.405 -0.200
0.387 1.095
0.541 -1.052
-0.492 0.009
0.458 1.056
0.278 -1.015
-0.379 -0.044
0.573 1.017
0.525 -1.282
-0.535 -0.004
0.592 0.822
0.414 -1.019
-0.341 0.087
0.435 1.021
0.428 -0.830
-0.621 0.120
0.507 1.024
0.351 -1.028
-0.451 -0.129
0.428 1.018
0.640 -1.079
-0.540 0.016
0.556 0.888
0.507 -1.029
-0.488 -0.089
0.572 1.070
0.496 -0.931
-0.324 0.125
0.635 0.879
0.266 -1.090
-0.420 0.102
0.484 1.186
0.428 -1.023
-0.400 -0.063
0.443 1.204
0.544 -1.067
-0.374 -0.059
0.272 0.898
0.526 -1.169
-0.605 0.082
0.526 1.090
0.587 -1.051
-0.534 0.043
0.448 0.854
0.376 -1.018
-0.657 -0.000
0.533 1.141
0.391 -1.152
-0.601 -0.032
0.617 1.043
0.294 -0.947
-0.510 -0.136
0.540 1.092
0.513 -0.793
-0.571 -0.233
0.565 1.234
0.506 -1.139
-0.481 0.007
0.455 1.018
0.369 -1.039
-0.521 -0.028
0.536 1.074
0.480 -1.130
-0.500 0.049
0.698 1.007
0.479 -0.904
-0.361 -0.175
0.478 0.987
0.469 -1.065
-0.467 0.057
0.549 1.062
0.499 -1.001
-0.492 -0.272
0.604 0.977
0.518 -1.084
-0.663 -0.097
0.553 1.056
0.548 -0.665
-0.580 -0.036
0.656 0.883
0.562 -1.056
-0.402 -0.144
0.587 0.891
0.629 -1.130
-0.375 0.042
0.437 0.790
0.385 -1.075
-0.525 -0.140
0.356 1.078
0.574 -1.055
-0.426 0.026
0.364 0.961
0.490 -0.890
-0.680 -0.017
0.625 1.043
0.387 -0.981
-0.401 0.076
0.386 1.065
0.449 -0.980
-0.628 -0.133
0.325 1.101
0.322 -0.854
-0.505 0.162
0.464 1.201
0.479 -1.044
-0.672 0.012
0.522 0.919
0.432 -1.064
-0.580 -0.072
0.536 0.802
0.552 -1.088
-0.308 -0.149
0.511 1.085
0.664 -0.932
-0.544 0.033
0.492 0.993
0.546 -1.034
-0.607 0.072
0.561 0.863
0.487 -1.006
-0.435 -0.010
0.428 1.068
0.358 -1.094
-0.484 0.061
0.326 0.847
0.385 -0.957
-0.581 -0.067
0.563 1.013
0.465 -0.858
-0.607 -0.187
0.492 0.793
0.493 -0.967
-0.604 -0.101
0.464 1.097
0.432 -1.034
-0.474 0.048
0.481 1.073
0.476 -1.032
-0.371 0.013
0.527 0.745
0.509 -1.009
-0.438 0.118
0.579 0.861
0.517 -1.063
-0.567 0.047
0.396 1.037
0.484 -0.981
-0.536 0.010
0.622 0.971
0.464 -1.024
-0.606 -0.007
0.537 1.010
0.478 -0.964
-0.527 -0.013
0.692 1.012
0.514 -0.975
-0.512 -0.065
0.433 0.985
0.503 -0.970
-0.335 -0.023
0.712 0.896
0.473 -1.106
-0.465 0.076
0.327 0.993
0.506 -1.144
-0.531 -0.163
0.638 0.962
0.569 -0.900
-0.250 0.120
0.284 1.058
0.693 -1.058
-0.502 -0.092
0.473 0.948
0.487 -1.079
-0.440 0.036
0.411 1.176
0.613 -1.076
-0.495 -0.028
0.526 1.116
0.488 -0.884
-0.333 -0.032
0.652 0.977
0.405 -0.951
-0.494 0.024
0.384 0.973
0.685 -1.021
-0.602 0.125
0.485 0.905
0.499 -1.145
-0.534 0.017
0.516 1.061
0.586 -1.026
-0.497 0.036
0.733 1.155
0.419 -0.917
-0.461 0.123
0.499 0.972
0.588 -1.166
-0.438 0.000
0.414 0.984
0.539 -0.992
-0.503 0.032
0.041 1.081
0.535 -0.993
-0.556 -0.012
0.655 0.930
0.516 -0.972
-0.511 0.099
0.492 0.961
0.514 -0.992
-0.482 -0.040
0.466 1.159
0.564 -1.016
-0.534 -0.184
0.408 0.969
0.554 -1.100
-0.377 -0.159
0.546 1.175
0.593 -1.114
-0.546 -0.145
0.623 1.035
0.428 -1.038
-0.586 0.077
0.674 1.025
0.568 -1.196
-0.528 0.159
0.632 0.974
0.486 -0.988
-0.422 -0.052
0.581 0.995
0.538 -0.886
-0.551 0.124
0.452 0.979
0.503 -1.067
-0.676 0.034
0.551 0.926
0.292 -0.970
-0.738 -0.010
0.374 0.944
0.707 -1.022
-0.504 0.058
0.602 0.920
0.424 -0.876
-0.482 0.011
0.497 0.988
0.422 -1.037
-0.356 0.149
0.556 0.941
0.312 -1.069
-0.584 0.091
0.526 0.999
0.543 -0.930
-0.335 0.103
0.702 1.119
0.520 -0.945
-0.467 -0.043
0.432 0.769
0.543 -0.905
-0.528 0.108
0.524 1.103
0.644 -1.016
-0.530 0.025
0.498 1.029
0.666 -1.083
-0.584 -0.003
0.468 1.148
0.579 -1.072
-0.567 -0.160
0.405 1.059
0.490 -0.984
-0.584 -0.077
0.532 0.883
0.566 -0.863
-0.542 -0.103
0.377 0.959
0.278 -0.854
-0.537 0.100
0.483 0.939
0.524 -1.080
-0.538 -0.105
0.586 1.077
0.496 -1.074
-0.508 0.059
0.703 0.973
0.639 -1.036
-0.438 0.056
0.432 1.038
0.441 -1.029
-0.503 0.103
0.708 1.035
0.551 -0.995
-0.508 0.293
0.362 0.990
0.502 -0.975
-0.548 -0.199
0.340 1.010
0.347 -0.961
-0.631 0.032
0.652 0.951
0.497 -0.894
-0.350 -0.199
0.452 1.299
0.365 -1.031
-0.511 0.179
0.400 1.059
0.439 -1.019
-0.286 -0.006
0.430 1.168
0.477 -0.836
-0.479 -0.058
0.412 0.881
0.380 -0.951
-0.473 -0.152
0.605 1.153
0.360 -1.171
-0.255 0.084
0.423 1.067
0.509 -1.100
-0.490 -0.066
0.580 0.946
0.287 -1.154
-0.261 -0.024
0.564 1.003
0.399 -0.978
-0.574 0.024
0.477 1.062
0.537 -1.089
-0.545 0.058
0.354 0.975
0.413 -0.925
-0.423 -0.074
0.405 0.814
0.495 -0.948
-0.421 -0.049
0.458 1.093
0.454 -1.168
-0.557 -0.034
0.336 1.066
0.734 -0.919
-0.564 -0.050
0.560 0.996
0.685 -0.975
-0.441 -0.003
0.733 0.866
0.649 -1.062
-0.393 0.076
0.643 1.040
0.534 -1.096
-0.601 0.055
0.400 0.927
0.491 -1.081
-0.468 0.035
0.493 1.135
0.485 -0.980
-0.470 0.027
0.429 0.975
0.406 -1.054
-0.476 0.027
0.460 0.961
0.482 -1.069
-0.626 0.028
0.483 0.992
0.557 -0.868
-0.565 -0.035
0.551 1.134
0.376 -1.121
-0.423 -0.030
0.571 1.160
0.529 -0.927
-0.517 0.045
0.354 0.922
0.381 -1.071
-0.534 0.028
0.572 1.106
0.336 -1.014
-0.618 0.105
0.447 1.078
0.464 -0.993
-0.654 0.087
0.583 0.770
0.543 -0.938
-0.403 0.058
0.425 1.272
0.446 -1.039
-0.578 -0.064
0.607 1.067
0.587 -0.915
-0.586 0.048
0.492 1.094
0.388 -0.795
-0.350 -0.142
0.585 1.105
0.347 -1.014
-0.552 0.016
0.482 1.042
0.604 -0.928
-0.365 0.009
0.371 0.899
0.486 -0.942
-0.585 0.127
0.174 1.164
0.503 -0.941
-0.448 0.129
0.581 0.811
0.640 -1.077
-0.447 -0.019
0.684 0.907
0.550 -0.921
-0.580 -0.169
0.424 1.175
0.509 -0.945
-0.605 -0.122
0.490 0.968
0.481 -1.177
-0.547 0.070
0.493 0.950
0.352 -0.897
-0.370 0.029
0.704 1.022
0.687 -0.986
-0.260 -0.140
0.545 1.167
0.591 -0.977
-0.578 0.035
0.508 0.962
0.385 -0.854
-0.525 0.194
0.602 0.990
0.459 -0.919
-0.540 0.130
0.496 1.114
0.583 -1.022
-0.535 0.238
0.602 1.157
0.717 -1.024
-0.529 0.060
0.568 1.180
0.379 -1.118
-0.476 0.012
0.506 0.985
0.521 -0.883
-0.400 -0.134
0.553 1.150
0.435 -0.964
-0.558 0.091
0.514 1.041
0.492 -0.995
-0.607 0.077
0.527 1.024
0.511 -0.961
-0.535 0.065
0.505 0.951
0.593 -0.864
-0.398 -0.144
0.655 0.878
0.422 -0.982
-0.349 0.026
0.427 0.900
0.352 -0.848
-0.591 -0.014
0.447 0.920
0.407 -1.003
-0.556 -0.134
0.615 1.033
0.589 -0.922
-0.270 -0.021
0.635 1.035
0.514 -1.009
-0.713 -0.021
0.698 1.088
0.539 -0.913
-0.611 0.045
0.506 1.057
0.402 -1.081
-0.624 -0.059
0.723 1.015
0.369 -0.807
-0.381 0.022
0.514 1.122
0.563 -1.163
-0.477 0.086
0.551 1.065
0.431 -0.937
-0.454 -0.046
0.540 1.013
0.597 -1.069
-0.536 0.124
0.455 1.000
0.541 -1.093
-0.342 -0.124
0.573 1.088
0.475 -1.011
-0.500 0.113
0.501 0.991
0.416 -1.105
-0.530 0.008
0.672 0.942
0.545 -1.026
-0.440 0.005
0.502 1.207
0.489 -1.012
-0.373 0.047
0.366 1.031
0.610 -0.779
-0.569 -0.165
0.509 1.002
0.550 -1.101
-0.407 -0.186
0.670 0.845
0.416 -0.974
-0.638 0.077
0.573 1.004
0.470 -0.942
-0.552 0.001
0.392 0.955
0.464 -1.084
-0.287 -0.000
0.550 0.933
0.531 -1.006
-0.562 0.093
0.471 0.994
0.561 -0.898
-0.555 -0.089
0.623 0.874
0.451 -0.902
-0.436 -0.038
0.416 1.010
0.321 -1.079
-0.597 0.076
0.519 1.115
0.506 -1.011
-0.545 -0.092
0.671 1.118
0.597 -0.947
-0.473 -0.194
0.510 0.818
0.573 -1.061
-0.366 0.141
0.436 1.025
0.297 -1.119
-0.428 -0.139
0.368 1.005
0.523 -1.337
-0.634 0.045
0.517 0.858
0.398 -0.999
-0.457 0.018
0.565 1.040
0.493 -1.058
-0.384 -0.045
0.471 0.610
0.439 -1.089
-0.764 0.156
0.438 0.821
0.480 -0.897
-0.611 0.005
0.584 0.979
0.577 -1.060
-0.443 -0.101
0.616 0.961
0.597 -0.869
-0.451 -0.085
0.676 0.932
0.555 -1.053
-0.558 0.012
0.578 0.951
0.447 -1.057
-0.601 0.022
0.370 1.014
0.467 -0.828
-0.575 -0.015
0.471 1.018
0.459 -1.096
-0.313 0.139
0.454 0.864
0.579 -1.073
-0.558 -0.055
0.570 0.924
0.345 -1.117
-0.611 -0.078
0.421 0.948
0.352 -0.969
-0.629 -0.023
0.629 0.813
0.538 -1.060
-0.487 0.126
0.517 1.060
0.394 -1.026
-0.484 -0.029
0.452 1.017
0.547 -1.154
-0.646 -0.274
0.504 1.077
0.503 -0.933
-0.590 -0.120
0.223 0.869
0.332 -1.037
-0.506 -0.014
0.494 0.934
0.184 -1.107
-0.311 0.160
0.488 0.917
0.510 -1.149
-0.617 0.048
0.490 0.925
0.405 -0.852
-0.504 0.022
0.604 0.902
0.502 -0.902
-0.475 0.131
0.634 0.863
0.599 -0.916
-0.655 0.145
0.552 1.056
0.564 -0.928
-0.295 0.044
0.473 0.909
0.480 -1.041
-0.379 0.313
0.571 1.096
0.408 -1.136
-0.409 -0.014
0.590 1.061
0.648 -1.076
-0.462 -0.068
0.469 0.980
0.341 -0.997
-0.513 -0.051
0.410 0.986
0.422 -1.100
-0.508 0.075
0.638 0.790
0.606 -0.919
-0.656 -0.065
0.591 1.067
0.305 -0.898
-0.535 -0.015
0.426 1.022
0.546 -1.156
-0.470 -0.029
0.141 1.143
0.510 -1.156
-0.529 0.057
0.369 0.944
0.515 -0.950
-0.456 0.185
0.403 0.768
0.403 -1.126
-0.453 0.088
0.655 1.019
0.416 -1.008
-0.391 -0.036
0.571 1.008
0.503 -0.870
-0.533 -0.045
0.548 0.918
0.606 -0.981
-0.612 -0.121
0.647 1.051
0.547 -0.933
-0.476 -0.037
0.640 1.147
0.567 -1.166
-0.509 -0.101
0.588 1.062
0.517 -0.984
-0.558 0.148
0.407 1.035
0.554 -0.918
-0.442 -0.013
0.532 1.031
0.357 -1.150
-0.575 -0.101
0.592 1.039
0.511 -1.016
-0.466 -0.079
0.594 0.812
0.624 -1.015
-0.516 -0.067
0.376 1.053
0.514 -0.832
-0.469 0.149
0.537 1.127
0.611 -1.002
-0.656 0.193
0.560 1.003
0.392 -0.922
-0.354 0.072
0.651 0.830
0.384 -1.036
-0.650 -0.018
0.519 1.148
0.629 -1.056
-0.429 0.005
0.658 0.797
0.421 -1.040
-0.514 0.085
0.443 0.963
0.559 -1.320
-0.422 -0.094
0.547 0.923
0.393 -1.118
-0.542 -0.003
0.553 1.065
0.585 -1.009
-0.464 -0.013
0.634 1.020
0.518 -1.009
-0.654 -0.051
0.593 1.135
0.486 -1.041
-0.400 0.103
0.531 0.981
0.409 -1.022
-0.585 0.047
0.305 0.874
0.718 -1.027
-0.663 -0.129
0.382 0.981
0.400 -1.100
-0.393 0.005
0.577 0.928
0.374 -1.043
-0.489 0.061
0.310 0.990
0.651 -0.961
-0.609 0.038
0.575 1.037
0.440 -1.038
-0.390 -0.105
0.411 1.107
0.482 -1.109
-0.569 -0.052
0.517 0.993
0.487 -0.938
-0.446 -0.073
0.662 0.852
0.395 -0.994
-0.339 0.110
0.470 1.022
0.295 -0.945
-0.429 0.004
0.645 0.813
0.480 -0.975
-0.727 -0.159
0.428 0.873
0.463 -0.999
-0.586 -0.048
0.351 1.160
0.520 -0.993
-0.567 0.045
0.420 1.079
0.500 -1.077
-0.571 -0.007
0.439 1.116
0.317 -0.909
-0.296 -0.097
0.572 1.009
0.538 -1.090
-0.520 0.041
0.439 0.988
0.548 -1.016
-0.459 0.030
0.482 1.135
0.507 -0.842
-0.414 -0.120
0.547 0.913
0.689 -0.927
-0.505 0.029
0.427 0.809
0.362 -1.054
-0.385 -0.043
0.482 1.077
0.424 -1.011
-0.326 -0.115
0.639 1.026
0.418 -1.109
-0.512 0.024
0.642 1.078
0.270 -0.852
-0.407 0.049
0.585 0.821
0.415 -0.953
-0.589 0.134
0.578 1.100
0.558 -0.914
-0.490 0.145
0.750 0.959
0.419 -1.049
-0.363 -0.151
0.493 1.117
0.538 -0.849
-0.649 -0.073
0.553 1.044
0.653 -1.104
-0.441 0.016
0.420 0.969
0.577 -0.854
-0.528 0.110
0.442 1.109
0.492 -0.979
-0.424 0.037
0.452 0.980
0.449 -0.990
-0.653 -0.060
0.487 0.887
0.464 -0.999
-0.411 -0.038
0.497 0.951
0.438 -1.036
-0.567 0.066
0.625 1.038
0.418 -0.934
-0.471 -0.071
0.538 0.963
0.518 -1.028
-0.643 0.035
0.576 0.938
0.543 -0.876
-0.642 0.157
0.584 0.950
0.698 -0.933
-0.316 -0.044
0.398 1.235
0.474 -0.938
-0.716 0.010
0.485 1.042
0.553 -1.008
-0.495 -0.102
0.442 1.115
0.294 -1.059
-0.496 -0.016
0.524 1.036
0.701 -1.047
-0.335 -0.145
0.484 1.013
0.386 -0.859
-0.509 -0.001
0.395 1.025
0.445 -1.144
-0.503 0.064
0.461 1.000
0.475 -1.009
-0.471 -0.059
0.445 1.220
0.710 -1.028
-0.390 0.144
0.460 1.041
0.339 -0.967
-0.545 0.180
0.560 0.900
0.545 -1.106
-0.719 0.103
0.589 1.018
0.349 -0.931
-0.557 0.096
0.478 1.091
0.522 -1.025
-0.475 0.075
0.406 1.048
0.429 -0.974
-0.409 0.097
0.417 1.081
0.393 -1.055
-0.685 -0.127
0.547 1.135
0.597 -0.997
-0.487 0.022
0.655 1.016
0.587 -0.815
-0.388 0.175
0.653 0.954
0.596 -0.858
-0.596 -0.043
0.435 1.010
0.393 -1.033
-0.644 -0.208
0.463 0.996
0.617 -0.815
-0.399 -0.133
0.385 0.850
0.485 -0.960
-0.611 -0.064
0.491 1.059
0.246 -0.937
-0.574 -0.262
0.551 1.055
0.361 -1.071
-0.497 0.007
0.452 1.124
0.335 -0.906
-0.313 -0.021
0.527 1.047
0.423 -1.048
-0.439 -0.233
0.475 1.060
0.548 -1.115
-0.832 0.046
0.483 1.070
0.507 -1.061
-0.612 0.040
0.689 0.863
0.487 -1.082
-0.678 0.067
0.450 0.811
0.543 -0.897
-0.545 0.001
0.454 0.995
0.356 -0.964
-0.565 -0.012
0.647 1.014
0.483 -1.004
-0.456 -0.065
0.576 0.984
0.618 -0.896
-0.316 -0.090
0.383 1.048
0.432 -1.108
-0.567 -0.071
0.614 0.854
0.535 -0.798
-0.465 -0.080
0.575 1.158
0.586 -0.813
-0.565 0.011
0.637 0.943
0.275 -1.045
-0.515 0.147
0.445 0.861
0.491 -1.027
-0.590 -0.008
0.451 0.988
0.394 -1.106
-0.452 -0.001
0.385 1.072
0.386 -1.137
-0.520 -0.005
0.662 0.991
0.632 -0.907
-0.450 -0.161
0.565 0.876
0.704 -1.035
-0.449 0.074
0.452 0.953
0.312 -0.912
-0.502 0.060
0.696 0.955
0.677 -0.850
-0.662 0.226
0.609 0.883
0.561 -1.073
-0.505 0.027
0.493 1.044
0.609 -1.101
-0.787 0.139
0.440 0.873
0.590 -0.892
-0.608 -0.111
0.462 1.018
0.711 -1.038
-0.305 0.107
0.396 0.982
0.438 -1.070
-0.545 0.028
0.474 0.954
0.395 -0.976
-0.306 0.075
0.582 1.006
0.633 -1.096
-0.423 -0.051
0.652 1.035
0.456 -0.964
-0.443 -0.106
0.820 0.945
0.594 -1.105
-0.257 -0.116
0.643 0.936
0.638 -0.955
-0.454 0.075
0.550 0.881
0.536 -1.098
-0.360 0.087
0.512 0.962
0.558 -1.091
-0.356 0.099
0.716 0.803
0.545 -1.051
-0.507 0.085
0.649 1.100
0.559 -1.054
-0.666 0.010
0.426 0.976
0.625 -1.074
-0.486 -0.059
0.533 1.170
0.427 -0.920
-0.604 0.148
0.458 1.025
0.378 -0.877
-0.483 0.157
0.602 1.146
0.583 -0.952
-0.423 -0.124
0.488 1.213
0.461 -1.134
-0.522 0.012
0.623 0.882
0.437 -1.025
-0.498 0.038
0.530 0.989
0.519 -0.626
-0.510 0.083
0.463 0.898
0.426 -1.050
-0.474 0.001
0.470 0.957
0.552 -0.951
-0.569 -0.014
0.444 1.010
0.587 -0.855
-0.496 -0.035
0.457 0.904
0.387 -0.800
-0.461 -0.044
0.632 1.221
0.532 -0.971
-0.576 0.002
0.319 1.163
0.406 -0.976
-0.219 0.097
0.482 1.099
0.340 -1.086
-0.459 -0.016
0.445 0.974
0.602 -0.902
-0.408 0.017
0.438 1.003
0.605 -1.131
-0.515 -0.130
0.587 0.940
0.500 -0.858
-0.438 0.051
0.435 0.915
0.564 -0.919
-0.543 -0.006
0.413 1.089
0.413 -0.929
-0.554 -0.160
0.448 0.919
0.412 -1.116
-0.630 -0.103
0.241 1.098
0.397 -1.002
-0.513 0.077
0.510 1.062
0.403 -0.914
-0.520 -0.115
0.345 0.965
0.397 -1.011
-0.337 0.093
0.671 1.155
0.381 -1.055
-0.448 0.122
0.605 0.971
0.605 -0.953
-0.472 -0.193
0.659 0.986
0.532 -1.247
-0.552 -0.055
0.560 0.907
0.570 -1.041
-0.616 -0.121
0.575 1.118
0.553 -1.131
-0.545 -0.007
0.675 1.060
0.568 -1.066
-0.597 -0.081
0.549 1.049
0.606 -0.906
-0.426 -0.096
0.449 0.881
0.420 -0.824
-0.595 -0.034
0.526 1.081
0.486 -0.931
-0.508 0.020
0.453 1.204
0.586 -1.056
-0.657 -0.046
0.589 1.043
0.391 -1.197
-0.503 0.160
0.577 1.089
0.570 -0.997
-0.345 0.042
0.470 0.968
0.482 -0.993
-0.370 0.194
0.458 0.946
0.691 -1.102
-0.427 0.097
0.413 0.916
0.426 -0.987
-0.435 -0.077
0.405 0.978
0.327 -0.951
-0.613 0.112
0.355 0.899
0.538 -0.955
-0.344 -0.047
0.459 0.958
0.628 -1.061
-0.504 0.095
0.618 1.021
0.528 -1.012
-0.523 -0.045
0.628 0.952
0.395 -1.188
-0.441 0.022
0.497 0.929
0.450 -0.974
-0.468 -0.075
0.509 0.961
0.577 -1.220
-0.549 -0.007
0.439 1.068
0.588 -1.026
-0.525 -0.157
0.507 1.134
0.764 -1.117
-0.557 0.063
0.533 0.976
0.532 -0.854
-0.347 -0.018
0.455 1.067
0.646 -1.090
-0.566 0.135
0.518 1.048
0.597 -1.036
-0.488 0.033
0.578 0.775
0.483 -1.218
-0.410 0.055
0.501 1.080
0.479 -0.993
-0.529 -0.138
0.423 1.001
0.526 -0.964
-0.396 0.126
0.319 0.900
0.502 -0.973
-0.448 -0.002
0.565 0.853
0.590 -0.856
-0.606 0.049
0.400 1.035
0.403 -1.092
-0.494 -0.100
0.423 1.033
0.454 -1.069
-0.473 -0.027
0.533 0.903
0.543 -1.076
-0.576 0.076
0.542 0.937
0.355 -0.891
-0.605 0.099
0.412 0.976
0.503 -0.910
-0.407 -0.072
0.682 1.005
0.344 -1.082
-0.479 0.154
0.575 0.960
0.518 -1.093
-0.396 0.221
0.479 0.918
0.401 -0.951
-0.435 -0.104
0.523 0.684
0.572 -0.919
-0.480 0.094
0.464 0.917
0.458 -0.847
-0.648 0.068
0.478 1.122
0.445 -1.143
-0.553 0.161
0.499 1.141
0.658 -1.215
-0.594 -0.079
0.506 0.975
0.545 -0.934
-0.660 -0.099
0.456 1.003
0.419 -1.084
-0.392 0.060
0.547 0.933
0.519 -1.075
-0.554 0.079
0.508 1.070
0.444 -1.047
-0.358 0.034
0.587 1.067
0.477 -1.149
-0.551 0.057
0.419 1.124
0.500 -0.965
-0.440 0.032
0.611 1.053
0.496 -1.103
-0.425 -0.084
0.549 0.823
0.600 -0.912
-0.584 0.003
0.503 1.122
0.560 -0.944
-0.369 -0.145
0.479 0.763
0.480 -1.219
-0.660 -0.193
0.480 1.040
0.346 -0.951
-0.770 0.178
0.612 1.091
0.410 -1.054
-0.393 0.016
0.450 1.219
0.587 -1.150
-0.471 -0.107
0.440 1.146
0.354 -1.095
-0.417 -0.080
0.423 0.992
0.484 -1.100
-0.422 -0.005
0.559 1.121
0.511 -0.990
-0.254 -0.015
0.698 1.016
0.549 -0.938
-0.494 -0.202
0.367 1.011
0.554 -1.079
-0.352 0.076
0.528 1.071
0.489 -0.936
-0.587 -0.128
0.388 0.942
0.418 -1.061
-0.504 -0.033
0.589 0.784
0.652 -0.965
-0.501 -0.032
0.530 1.077
0.461 -0.877
-0.488 0.149
0.528 0.827
0.648 -1.075
-0.639 0.041
0.497 1.086
0.400 -0.995
-0.361 0.055
0.439 0.922
0.371 -1.048
-0.582 -0.065
0.421 1.067
0.544 -1.009
-0.503 0.029
0.619 0.888
0.413 -1.233
-0.558 0.125
0.372 1.135
0.283 -1.001
-0.512 -0.047
0.365 1.011
0.566 -1.022
-0.545 0.044
0.362 1.074
0.589 -1.114
-0.414 0.019
0.690 1.168
0.645 -0.989
-0.567 -0.056
0.333 0.977
0.636 -1.114
-0.455 0.014
0.371 1.073
0.412 -1.007
-0.593 0.183
0.632 1.000
0.638 -0.907
-0.561 -0.103
0.358 1.132
0.468 -1.038
-0.388 0.080
0.521 0.880
0.342 -1.068
-0.517 -0.052
0.458 0.986
0.644 -1.102
-0.339 0.115
0.581 1.086
0.495 -0.824
-0.672 -0.020
0.510 1.186
0.514 -1.123
-0.460 -0.120
0.362 1.066
0.360 -1.062
-0.484 0.067
0.531 1.189
0.581 -0.885
-0.444 0.013
0.597 0.742
0.452 -1.038
-0.542 -0.065
0.471 0.965
0.536 -0.777
-0.546 -0.189
0.488 0.916
0.526 -1.138
-0.700 -0.002
0.478 0.795
0.555 -0.919
-0.604 -0.070
0.629 1.039
0.600 -1.116
-0.462 0.024
0.419 1.012
0.552 -1.108
-0.635 -0.100
0.500 0.999
0.532 -1.029
-0.643 0.033
0.439 1.124
0.518 -1.087
-0.544 -0.006
0.622 1.033
0.643 -1.042
-0.453 -0.089
0.327 0.924
0.625 -0.926
-0.475 0.170
0.349 0.829
0.547 -1.030
-0.425 -0.012
0.336 1.079
0.624 -1.003
-0.411 0.138
0.572 1.023
0.328 -1.014
-0.399 -0.108
0.610 1.037
0.468 -0.982
-0.640 0.004
0.594 1.073
0.434 -1.025
-0.537 0.017
0.509 1.008
0.341 -1.017
-0.421 -0.113
0.525 1.248
0.467 -0.929
-0.384 -0.031
0.581 0.900
0.566 -0.915
-0.395 -0.034
0.237 0.993
0.557 -1.156
-0.527 -0.061
0.648 1.126
0.479 -1.063
-0.575 -0.072
0.677 0.901
0.559 -0.941
-0.579 0.096
0.359 0.968
0.455 -0.979
-0.419 -0.077
0.534 1.151
0.600 -0.950
-0.531 0.072
0.578 1.035
0.554 -0.902
-0.395 -0.058
0.472 0.882
0.287 -1.087
-0.557 0.060
0.269 0.926
0.417 -0.976
-0.683 0.066
0.462 1.007
0.508 -1.100
-0.552 -0.191
0.494 0.927
0.504 -0.931
-0.369 -0.025
0.578 0.931
0.389 -0.989
-0.510 -0.081
0.653 0.961
0.507 -0.952
-0.683 0.077
0.450 0.845
0.396 -1.172
-0.455 -0.010
0.517 1.097
0.448 -1.064
-0.335 0.060
0.481 0.999