1000
0.568 2.569
0.813 3.677
-0.800 -0.938
0.935 3.400
0.817 3.462
0.194 1.993
0.272 1.350
0.910 2.715
-0.565 0.112
-0.626 0.721
-0.985 0.744
0.459 2.219
-0.371 1.259
0.299 1.921
0.110 1.848
0.026 1.769
0.597 2.545
-0.800 0.072
-0.696 0.094
0.382 1.625
0.177 2.504
0.538 1.245
-0.510 0.676
0.503 2.926
-0.015 1.053
0.753 2.245
0.765 2.128
0.141 0.949
0.094 2.002
0.026 1.499
-0.661 -0.212
0.023 1.681
-0.471 0.911
-0.977 -0.250
0.077 1.395
0.245 1.520
0.040 1.646
-0.625 1.282
-0.460 1.612
-0.700 -0.062
0.628 1.960
0.073 2.290
0.100 1.039
0.321 1.167
-0.812 -0.652
0.561 1.935
0.327 2.383
-0.057 1.673
-0.142 1.063
0.066 1.273
-0.228 1.251
-0.225 1.684
-0.137 1.372
0.995 2.714
-0.217 1.538
0.464 2.476
0.411 2.231
0.505 2.809
-0.880 -0.202
-0.809 -0.244
-0.119 1.567
0.862 3.212
0.275 2.476
0.795 2.701
-0.854 0.995
0.834 2.013
0.655 1.870
-0.623 0.594
0.135 2.093
0.293 2.347
0.828 2.396
-0.654 0.910
-0.930 -0.668
-0.568 0.585
-0.050 1.568
-0.562 1.193
-0.057 1.690
0.126 2.081
0.356 2.534
0.661 1.786
-0.330 0.509
-0.428 0.660
-0.930 -0.719
0.007 1.866
-0.204 1.422
0.808 2.291
-0.389 0.985
-0.677 -0.190
-0.168 1.447
-0.996 0.689
-0.314 1.344
-0.973 0.614
-0.458 1.303
-0.513 1.240
0.959 2.730
-0.496 0.808
-0.007 1.696
-0.182 1.600
0.773 2.587
0.406 3.161
-0.564 0.740
-0.458 0.788
-0.527 1.430
0.485 2.461
0.702 2.015
-0.387 0.669
0.542 2.626
-0.937 0.456
-0.398 1.549
0.923 3.443
0.591 1.329
-0.604 -0.745
0.464 1.480
-0.599 0.609
-0.221 0.912
-0.740 0.534
0.689 2.696
0.144 0.985
-0.078 1.508
0.960 3.883
-0.672 0.119
-0.025 1.738
-0.252 1.404
-0.508 0.374
0.391 1.497
-0.868 0.223
-0.244 1.846
0.492 2.999
-0.433 1.639
-0.847 -0.080
-0.433 0.769
-0.927 0.177
0.772 3.183
0.144 1.892
-0.878 0.562
0.708 2.798
0.544 2.630
0.944 2.712
0.682 1.720
-0.927 0.034
0.201 1.457
0.939 2.814
0.171 1.663
-0.982 -0.406
0.538 2.020
-0.865 1.324
-0.380 1.315
-0.567 -0.099
0.865 1.437
-0.372 1.718
-0.758 0.265
-0.470 0.838
-0.989 -0.105
-0.696 0.103
0.543 1.689
-0.132 1.717
-0.839 0.131
0.845 2.582
-0.957 -0.302
0.245 1.752
-0.009 1.334
-0.957 -0.266
0.138 0.653
0.412 2.041
0.524 2.228
0.351 2.333
0.062 2.143
-0.895 0.761
-0.179 1.677
-0.834 0.063
-0.543 0.494
0.821 2.291
-0.102 2.057
0.790 2.355
-0.839 0.324
-0.843 -0.104
0.756 3.036
0.692 3.121
0.268 2.133
-0.551 0.719
-0.263 1.434
-0.381 0.627
0.324 1.777
-0.726 -0.254
0.534 2.520
-0.844 0.673
0.752 2.383
0.140 0.589
-0.803 0.090
-0.352 1.079
0.254 0.670
-0.407 1.443
0.741 2.202
0.664 2.862
-0.568 1.518
0.265 1.478
-0.836 -0.695
0.372 1.250
-0.759 -0.035
-0.119 2.415
0.618 2.111
-0.580 1.034
-0.524 0.869
0.989 3.370
-0.456 0.410
0.472 1.536
-0.155 0.946
-0.839 0.904
0.160 1.561
-0.877 -0.881
-0.302 0.690
-0.300 1.433
-0.724 1.013
0.919 2.866
-0.897 0.935
0.964 2.545
0.270 1.462
-0.293 0.004
0.351 1.648
0.304 1.715
-0.763 1.128
0.283 2.312
-0.046 0.754
0.673 2.120
-0.852 0.559
0.386 1.948
-0.513 0.734
-0.008 2.411
0.342 1.540
0.268 2.996
0.320 2.520
0.718 3.188
-0.148 1.687
-0.871 0.173
-0.564 0.540
0.435 1.940
-0.521 0.993
-0.535 0.734
0.314 2.052
-0.666 0.785
-0.893 -0.061
0.280 1.234
0.980 3.453
-0.299 0.622
0.955 2.967
0.844 3.188
0.797 2.039
-0.131 2.167
0.913 3.399
0.735 2.852
0.139 2.318
-0.220 1.136
0.149 2.353
-0.401 1.585
0.213 1.517
0.396 1.134
-0.385 0.058
-0.353 1.121
0.125 1.287
-0.658 0.625
-0.751 -0.129
0.231 1.501
0.277 1.716
0.614 1.719
0.783 2.856
0.917 2.649
-0.777 0.507
-0.710 0.205
-0.774 0.427
0.721 3.027
-0.687 0.058
-0.170 0.864
0.843 3.366
-0.205 0.828
0.489 2.120
0.274 1.032
-0.823 -0.031
-0.757 0.339
-0.425 0.578
0.906 3.461
-0.033 1.514
-0.163 1.171
-0.735 0.774
-0.577 0.777
0.502 1.919
-0.449 0.732
-0.465 0.131
0.646 2.389
-0.678 -0.082
-0.254 0.465
0.630 2.408
-0.556 0.059
0.701 3.172
0.373 1.747
-0.300 0.580
-0.512 0.444
-0.611 0.097
-0.344 1.526
0.432 2.187
0.108 2.154
0.310 2.313
-0.859 0.656
0.955 2.858
-0.854 0.023
-0.040 1.557
-0.457 1.239
-0.060 1.963
0.371 2.208
0.445 2.950
0.558 2.014
0.920 3.374
0.805 2.733
0.399 1.889
0.953 2.156
0.965 2.255
-0.067 0.653
-0.578 1.457
0.029 2.076
-0.956 -0.474
0.148 1.466
-0.199 0.388
0.580 2.324
0.715 3.223
0.947 2.683
0.621 2.209
0.200 1.266
-0.707 -0.133
-0.831 -0.085
-0.909 0.203
0.562 2.396
0.324 2.142
-0.842 0.227
-0.101 0.945
0.575 2.264
-0.080 0.940
0.582 2.833
-0.785 1.066
0.120 1.962
0.658 2.395
0.325 1.735
-0.632 0.962
0.478 2.610
0.306 1.699
0.756 2.464
-0.256 1.262
0.893 2.988
-0.684 -0.808
-0.770 0.752
0.078 1.178
0.742 2.621
0.807 2.802
-0.594 0.998
-0.798 0.872
-0.355 0.504
0.062 1.922
0.233 1.122
-0.001 1.327
0.880 2.764
0.002 0.963
0.342 2.460
-0.317 1.870
-0.848 0.030
0.574 2.252
-0.614 0.943
0.301 2.063
-0.805 -0.149
0.586 2.730
-0.772 0.338
-0.578 1.101
-0.697 -0.077
0.293 2.461
0.915 3.212
0.456 1.595
0.843 3.062
0.849 2.677
0.754 3.182
0.285 2.500
-0.623 0.312
0.601 2.675
0.608 2.206
-0.242 1.145
0.559 2.232
-0.509 0.469
0.396 3.192
-0.199 1.357
-0.552 0.690
-0.398 1.278
0.636 3.271
-0.908 -0.024
-0.870 0.168
-0.037 1.819
-0.324 1.175
-0.395 1.459
-0.106 0.939
-0.597 0.278
-0.014 1.268
0.688 2.737
0.778 2.988
0.009 0.405
-0.973 -0.244
0.537 1.959
-0.132 2.182
-0.698 -0.218
-0.963 -0.785
-0.938 -0.883
-0.220 0.328
0.225 2.344
-0.655 -0.555
0.527 1.362
-0.693 0.054
-0.460 0.444
-0.499 0.641
0.252 1.295
0.776 2.773
0.917 2.381
-0.821 1.254
0.382 1.364
-0.777 1.411
0.420 2.274
0.967 3.762
0.671 1.147
0.076 1.313
-0.721 0.918
-0.660 -0.058
0.132 1.715
-0.911 0.381
-0.923 -0.244
0.030 2.024
0.614 2.193
-0.830 0.258
0.961 3.036
0.185 1.788
0.934 2.024
-0.398 -0.327
0.660 2.736
0.638 2.026
0.172 2.226
-0.351 1.187
0.420 2.072
-0.476 1.129
-0.457 0.606
0.840 3.634
-0.885 -0.138
0.532 1.379
0.172 1.125
-0.411 1.295
-0.799 1.447
0.044 0.684
0.609 2.744
0.164 2.044
0.299 2.070
-0.412 0.814
-0.027 1.559
0.707 2.586
0.191 1.364
-0.186 1.043
-0.494 0.528
-0.273 1.219
0.289 3.159
-0.398 1.679
-0.594 1.685
0.681 3.003
0.662 3.195
0.272 1.264
0.448 1.556
-0.535 0.037
0.783 1.713
0.981 3.236
0.056 2.544
0.599 2.728
-0.478 1.304
-0.220 1.197
0.874 2.863
-0.452 0.662
-0.962 0.249
0.074 1.090
0.435 3.010
0.181 2.348
-0.597 0.444
-0.421 1.777
-0.264 1.526
-0.384 1.126
-0.785 -0.780
-0.942 0.322
-0.243 1.008
0.296 1.177
0.536 3.096
-0.325 1.073
0.290 2.376
-0.159 1.114
0.745 1.859
-0.196 1.123
-0.492 0.401
0.126 2.113
-0.702 0.793
0.817 2.114
-0.574 1.263
-0.333 0.988
0.098 1.576
0.753 2.569
-0.401 0.658
0.061 2.018
0.029 0.906
-0.179 2.179
-0.095 1.425
0.608 2.922
-0.264 1.405
-0.572 0.231
0.658 1.301
0.143 1.202
-0.658 0.368
-0.239 0.909
0.996 3.198
-0.746 0.094
0.463 1.959
-0.584 0.698
-0.482 0.880
0.060 1.960
0.512 2.799
0.314 2.315
-0.595 1.092
-0.337 1.744
-0.170 2.255
-0.117 0.935
-0.931 0.296
-0.718 0.842
-0.158 2.083
-0.385 1.312
0.326 1.783
0.592 3.829
0.122 2.224
-0.846 0.040
0.152 2.056
0.479 2.296
-0.200 1.868
-0.116 1.609
0.116 1.273
0.555 1.467
0.166 2.583
-0.604 0.657
-0.932 -0.565
0.369 2.376
-0.639 0.005
0.372 1.580
0.074 2.121
-0.769 -0.365
-0.505 0.796
-0.491 0.643
-0.459 0.691
-0.226 1.481
0.594 2.149
-0.855 0.378
-0.081 0.502
-0.558 1.157
-0.269 1.023
0.021 1.950
0.633 3.196
-0.242 0.681
0.817 2.710
-0.212 1.318
0.798 3.072
-0.153 0.913
0.582 2.262
0.563 2.395
0.663 2.040
0.381 1.729
0.095 2.015
-0.570 1.213
-0.143 1.064
0.589 2.819
-0.366 1.583
-0.873 -0.514
-0.457 0.884
0.826 1.742
-0.185 1.744
0.742 3.530
0.093 1.033
-0.584 0.370
0.534 2.488
-0.942 0.872
-0.660 -0.127
-0.746 0.003
-0.414 0.650
-0.420 1.134
0.730 2.595
-0.022 0.787
0.513 1.974
0.585 2.714
0.329 2.288
-0.688 0.587
-0.856 1.014
0.157 2.350
0.661 2.479
-0.751 0.686
-0.198 1.592
0.191 0.960
-0.079 1.215
0.517 2.619
-0.779 0.262
-0.367 1.592
0.861 3.454
-0.464 1.187
-0.111 1.338
-0.810 -0.314
0.762 2.772
-0.028 1.652
-0.646 0.926
0.019 1.134
-0.086 1.231
-0.988 -0.811
-0.532 0.848
-0.227 1.253
0.906 3.745
0.413 2.276
0.752 2.945
0.219 1.854
-0.937 0.133
0.481 2.023
-0.800 1.000
-0.983 0.147
-0.341 0.477
0.977 3.694
-0.103 1.711
0.915 2.892
-0.230 1.317
-0.859 0.118
-0.986 0.064
0.637 2.366
-0.382 0.789
-0.437 -0.027
0.362 2.321
-0.909 0.000
0.396 2.259
0.907 3.200
0.301 2.468
-0.024 1.471
0.416 2.675
0.042 1.979
0.434 2.444
0.881 2.466
-0.811 -0.133
-0.458 -0.088
-0.105 0.761
-0.779 0.673
0.751 2.195
0.987 2.071
0.952 2.962
0.338 1.431
-0.662 0.635
-0.347 0.732
-0.301 1.128
-0.374 0.677
-0.845 -0.180
-0.941 0.491
0.689 2.426
-0.214 0.852
0.443 2.484
-0.973 -0.457
0.146 1.767
0.169 1.935
-0.904 0.304
0.953 2.880
0.337 2.249
-0.303 1.105
0.504 2.501
0.864 2.743
0.910 3.002
0.970 2.515
-0.539 -0.443
0.630 3.367
-0.842 0.812
0.169 1.754
0.824 2.970
0.782 3.027
0.914 2.515
0.385 2.135
-0.442 1.170
-0.879 0.365
0.563 1.751
0.043 1.571
-0.711 0.640
-0.420 1.368
0.600 2.290
0.435 2.258
0.001 1.732
-0.706 0.539
-0.157 1.512
0.122 0.714
0.975 2.979
0.080 2.094
-0.705 1.142
-0.071 1.321
0.711 2.547
0.859 2.894
-0.491 0.175
0.430 2.069
0.232 1.666
0.991 2.985
-0.615 1.940
-0.313 0.394
-0.733 0.539
-0.551 1.301
-0.623 0.851
-0.617 0.861
-0.617 0.448
0.735 1.943
-0.476 -0.463
0.550 2.349
0.949 2.535
-0.269 1.338
0.275 1.824
-0.854 -0.187
-0.574 0.550
0.586 1.977
-0.340 0.064
0.666 3.397
-0.666 0.277
-0.965 -0.218
0.040 2.055
-0.749 0.651
0.085 2.487
-0.641 0.596
-0.904 -0.515
0.890 3.783
0.192 1.224
0.237 1.416
-0.042 1.982
0.457 2.615
-0.065 1.382
-0.381 0.545
-0.000 1.034
0.137 0.296
-0.009 1.813
-0.487 0.952
-0.929 -0.032
0.985 1.958
-0.562 0.385
-0.937 -0.405
0.833 2.272
0.798 3.226
-0.211 1.348
0.708 1.963
-0.344 0.568
0.756 3.154
-0.793 0.563
0.169 1.823
-0.978 0.354
0.121 0.881
0.454 2.297
0.457 1.559
-0.967 0.035
0.427 1.985
0.712 1.977
0.254 1.006
-0.370 0.613
0.309 2.245
0.740 2.715
-0.963 0.131
-0.819 -0.005
-0.680 0.316
-0.240 1.949
-0.379 0.337
-0.266 1.388
0.548 2.867
-0.737 0.632
-0.453 1.190
-0.830 0.351
0.311 1.913
-0.417 0.556
-0.374 2.097
0.653 2.221
-0.481 1.497
-0.505 0.710
0.493 2.718
-0.840 -1.160
0.334 2.167
0.445 1.833
-0.847 -0.183
0.728 1.840
0.239 2.593
0.632 3.525
-0.622 0.467
0.848 2.858
0.197 1.389
0.567 2.818
0.081 1.838
0.493 2.268
0.577 3.128
0.161 1.050
0.343 2.387
-0.726 0.511
-0.088 1.567
0.828 2.052
0.569 2.139
-0.139 1.571
-0.860 0.929
0.838 2.677
0.400 2.839
0.510 2.101
-0.920 -0.144
-0.876 0.332
-0.676 0.896
0.575 3.202
-0.508 0.792
0.220 1.778
0.315 2.632
-0.926 0.178
0.634 2.276
0.724 1.882
-0.522 0.614
0.840 2.602
0.693 2.467
0.594 2.122
0.609 1.587
-0.857 0.103
0.931 3.556
-0.659 0.088
0.333 2.625
0.160 2.017
0.674 3.325
-0.691 0.762
-0.814 0.841
-0.220 0.801
-0.230 2.326
0.884 2.022
0.372 2.197
-0.394 0.809
0.021 1.284
-0.242 0.763
-0.220 1.848
-0.176 1.699
0.415 1.785
0.771 2.777
-0.259 1.782
0.548 1.743
-0.300 1.574
0.688 1.836
-0.654 0.753
-0.396 1.023
-0.055 2.116
-0.193 0.808
-0.592 0.319
0.721 1.926
-0.106 1.419
0.610 1.575
0.428 1.567
0.054 1.182
0.134 1.754
-0.250 1.161
0.457 1.986
0.724 2.880
-0.675 -0.270
0.252 2.273
-0.399 1.189
-0.707 0.792
-0.631 1.663
-0.855 -0.015
0.393 1.465
-0.331 0.541
-0.052 1.645
-0.710 0.880
0.083 1.431
0.790 2.727
0.707 2.586
-0.239 1.982
0.205 2.300
-0.008 1.569
-0.246 1.052
0.353 1.790
-0.251 1.555
0.756 2.411
-0.326 1.136
0.370 1.603
-0.751 0.540
-0.245 1.060
-0.751 0.130
0.269 2.116
-0.626 -0.379
0.737 2.121
-0.799 0.377
-0.623 0.567
-0.265 1.456
-0.903 -0.669
-0.044 1.344
0.854 2.731
0.568 1.707
-0.931 0.615
0.768 2.402
-0.710 0.638
-0.637 0.972
0.861 2.423
0.270 1.462
0.416 2.204
-0.138 2.038
0.574 2.977
0.848 2.833
-0.958 0.504
0.335 2.745
0.205 1.668
-0.635 0.273
0.562 1.586
0.590 1.847
0.474 2.070
-0.235 1.346
-0.344 1.338
-0.685 1.492
-0.818 -0.248
-0.213 1.012
0.422 2.125
-0.824 -0.261
-0.212 1.140
0.997 2.092
-0.316 1.489
-0.144 1.426
-0.288 1.477
0.989 2.750
0.782 1.279
0.688 2.334
-0.187 0.913
-0.669 0.631
-0.645 1.249
0.562 2.421
-0.317 2.314
-0.662 1.129
-0.055 0.137
0.544 2.240
-0.800 0.296
0.318 1.999
-0.160 1.711
0.677 2.748
0.162 1.373
-0.618 1.070
-0.866 0.052
0.314 1.969
-0.752 -0.568
-0.744 -0.030
0.895 2.402
-0.609 0.989
0.767 2.071
0.932 2.958
0.625 1.695
0.300 1.960
-0.646 1.075
0.263 2.232
0.618 3.481
-0.061 1.226
0.308 2.306
-0.931 0.535
-0.283 1.076
0.881 2.176
-0.844 0.072
-0.909 -0.029
0.452 1.910
-0.313 1.320
-0.735 0.880
-0.375 1.331
-0.219 1.518
-0.800 0.595
0.151 1.867
0.905 2.238
0.018 2.297
0.138 1.191
0.861 2.603
0.662 1.884
0.149 1.853
-0.672 0.493
0.948 3.167
-0.755 0.044
0.901 2.077
0.599 1.969
0.735 2.395
0.427 1.710
0.862 2.744
0.171 1.342
-0.195 2.195
0.527 1.724
0.288 2.441
-0.745 1.153
0.114 2.238
-0.286 1.212
0.960 3.035
-0.571 0.679
0.409 2.581
0.127 2.043
0.715 2.422
0.744 3.041
0.621 2.158
-0.142 0.719
0.131 1.318
0.164 1.636
-0.117 1.016
-0.235 1.272
0.547 1.866
-0.796 0.707
0.117 1.791
0.712 2.351
0.360 1.929
-0.464 1.141
0.100 1.679
0.598 2.563
-0.408 -2.544
-0.061 -1.698
0.559 -0.375
-0.891 -2.436
0.021 -2.240
-0.486 -3.078
0.029 -1.192
-0.730 -2.715
0.639 -0.749
0.576 -1.352
0.460 -1.127
0.654 0.532
0.891 0.234
-0.015 -0.762
-0.248 -2.438
0.398 -0.612
0.983 0.397
0.431 -0.185
-0.684 -1.021
0.364 -0.111
0.011 -1.382
-0.213 -1.458
-0.011 -1.113
-0.515 -2.647
-0.281 -1.894
0.289 -1.507
-0.583 -2.948
-0.293 -1.545
-0.225 -1.928
0.505 -1.329
-0.687 -1.850
0.649 -1.065
-0.737 -2.735
-0.862 -3.831
-0.699 -2.394
0.880 -1.207
-0.567 -2.618
-0.356 -2.091
-0.452 -2.045
-0.621 -2.406
-0.603 -2.365
-0.059 -1.332
0.205 -1.755
-0.727 -2.612
-0.189 -1.203
-0.257 -1.677
-0.265 -1.254
0.913 -0.618
0.794 -0.856
0.124 -0.456
0.006 -2.164
-0.813 -2.110
0.378 -1.291
-0.512 -2.248
0.111 -2.019
-0.629 -2.690
0.174 -1.298
0.523 0.203
-0.482 -1.815
0.818 -1.162
0.673 -0.083
-0.984 -3.465
-0.437 -2.167
0.987 0.104
0.818 0.313
-0.780 -3.304
0.153 -1.153
0.933 -0.455
-0.483 -1.240
-0.617 -1.745
-0.791 -2.512
-0.239 -2.883
0.274 -1.528
0.720 -0.563
0.349 -1.080
0.342 -0.387
-0.535 -2.196
0.821 0.657
-0.475 -3.049
-0.394 -2.495
0.560 -0.088
-0.272 -2.171
0.096 -2.398
-0.668 -2.209
-0.079 -1.782
0.895 -0.516
0.240 -1.484
0.362 -1.253
-0.063 -1.955
0.043 -1.498
0.726 -0.994
0.476 -1.057
0.274 -0.949
-0.904 -2.935
-0.208 -2.162
-0.973 -3.330
-0.836 -2.916
-0.315 -2.198
-0.582 -1.953
0.552 -0.562
0.515 -0.786
0.722 -1.544
-0.008 -1.418
-0.316 -2.560
-0.581 -2.794
0.075 -1.487
0.198 -1.480
-0.667 -2.849
-0.959 -2.795
-0.182 -1.638
0.628 0.140
0.245 -1.962
0.182 -1.060
-0.397 -2.403
0.365 -0.613
-0.926 -2.908
0.201 -0.856
-0.772 -2.095
0.804 -0.942
0.603 0.001
0.455 -1.012
0.716 0.637
0.681 -0.748
0.343 -0.699
0.851 -0.218
0.784 -0.583
0.626 -0.822
0.583 -0.862
0.966 0.665
0.680 -0.338
0.643 -0.735
-0.602 -2.038
-0.353 -1.822
0.090 -1.278
0.674 -0.479
-0.353 -2.201
0.026 -1.713
0.619 -0.513
-0.387 -2.172
-0.890 -3.135
-0.555 -3.211
0.655 -0.005
-0.527 -2.674
-0.139 -2.406
0.394 -1.467
-0.948 -2.532
-0.765 -2.534
-0.414 -1.107
0.880 0.545
0.896 0.465
-0.738 -2.707
-0.944 -3.487
0.345 -1.123
-0.822 -3.339
0.433 -0.731
-0.062 -2.159
0.405 -0.857
0.099 -0.979
0.301 -1.075
-0.909 -2.230
0.798 0.023
-0.052 -2.573
0.079 -0.990
-0.499 -2.055
0.288 -1.679
0.558 0.532
-0.945 -3.506
0.911 -0.658
0.270 -1.418
0.549 -1.339
-0.068 -2.284
-0.296 -1.952
-0.589 -2.682
0.756 0.073
0.143 -1.902
-0.712 -3.099
0.396 -1.690
0.006 -1.600
-0.948 -2.967
0.729 -0.132
-0.796 -2.638
0.087 -1.948
-0.793 -3.164
-0.910 -2.706
-0.045 -1.066
-0.117 -1.736
-0.434 -2.194
0.191 -0.510
-0.625 -2.482
-0.168 -1.179
0.035 -1.145
0.443 -1.125
0.316 -1.914
-0.033 -1.293
-0.405 -1.760
0.606 -0.248
0.142 -2.834
0.180 -0.447
0.347 -0.888
0.280 -0.752
0.583 -0.703
0.966 -0.806
0.788 -0.309
-0.129 -1.168
-0.219 -2.363
-0.419 -1.257
-0.873 -3.225
-0.385 -1.945
0.341 -1.006
-0.248 -1.856
0.436 -0.457
-0.176 -2.471
-0.517 -2.070
0.377 -0.453
-0.928 -2.184
-0.866 -2.534
0.576 0.685
-0.231 -1.431
0.739 -1.038
-0.624 -2.525
-0.076 -1.509
-0.173 -2.124
0.187 -0.342
0.367 0.227
-0.902 -2.812
-0.101 -1.805
-0.044 -1.198
-0.574 -3.313
0.660 0.032
0.424 -0.448
0.066 -0.280
-0.652 -2.416
0.207 -1.262
0.765 -0.858
-0.640 -1.915
0.795 -0.583
0.002 -1.335
-0.747 -2.320
0.670 -0.342
-0.595 -2.450
0.848 -0.095
0.824 -0.687
0.038 -1.837
-0.308 -2.000
0.954 0.248
0.154 -1.329
-0.019 -0.958
-0.436 -2.370
0.780 -0.194
-0.816 -2.064
0.165 -0.320
0.424 -0.989
-0.012 -1.306
0.873 -0.719
0.986 0.060
-0.572 -2.686
0.953 0.468
-0.670 -2.286
0.062 -1.402
-0.716 -2.125
0.386 -0.632
0.100 -1.359
-0.092 -1.924
-0.577 -1.019
0.910 -0.419
0.909 -1.141
-0.208 -2.152
0.288 -0.407
-0.151 -2.656
0.836 -0.379
0.208 -0.993
0.434 -0.674
0.264 -0.620
-0.802 -2.090
0.059 -1.335
-0.036 -1.765
0.270 -1.058
-0.174 -1.953
-0.633 -2.467
0.433 -0.649
0.567 -0.175
0.884 -1.237
-0.219 -1.531
0.753 -0.690
-0.254 -1.478
0.166 -1.096
0.002 -1.155
-0.456 -1.543
-0.517 -2.223
0.828 0.227
-0.609 -1.952
-0.480 -1.339
0.372 -1.282
-0.000 -0.701
0.446 -1.321
0.926 0.153
-0.371 -1.838
0.150 -1.678
0.524 -0.173
0.520 -1.965
-0.543 -1.741
-0.247 -0.890
0.632 -0.953
-0.745 -3.079
0.974 0.666
0.150 -1.334
-0.295 -1.895
-0.067 -1.371
-0.124 -2.464
0.637 -0.910
-0.205 -1.425
0.441 -0.558
0.895 -0.613
-0.977 -3.403
-0.500 -2.316
-0.467 -3.170
0.859 -0.443
-0.551 -1.963
-0.238 -1.047
-0.706 -2.598
-0.796 -2.679
-0.428 -1.825
0.615 -1.338
-0.739 -2.079
0.935 -0.185
0.474 -0.302
-0.462 -2.685
0.451 -0.183
-0.068 -1.029
0.684 -0.898
0.941 1.017
-0.610 -2.087
0.145 -0.787
-0.754 -2.948
0.921 1.002
0.306 -1.370
0.223 -0.827
0.001 -1.386
0.330 -1.117
-0.530 -1.859
0.490 -0.725
0.982 -0.256
-0.563 -2.439
-0.628 -2.114
-0.819 -2.339
-0.892 -2.262
-0.115 -1.311
-0.282 -1.896
0.551 -1.081
0.087 -0.844
0.769 -0.320
0.251 -1.722
-0.575 -1.950
0.094 -1.666
-0.597 -2.870
-0.584 -3.281
-0.944 -3.310
-0.217 -2.495
-0.287 -1.868
-0.801 -3.733
0.020 -1.453
0.386 -0.320
-0.161 -2.297
-0.028 -1.691
-0.952 -2.720
0.054 -1.990
-1.000 -2.923
0.709 -0.403
0.526 -0.651
0.649 0.206
-0.642 -2.023
-0.117 -0.589
-0.320 -1.962
0.232 -1.221
-0.646 -2.348
0.152 -0.094
-0.071 -1.206
0.046 -0.729
-0.816 -1.930
-0.639 -2.077
0.357 -0.756
-0.112 -1.673
-0.858 -3.265
0.652 -1.541
0.313 -0.937
0.544 -0.650
-0.459 -2.837
-0.411 -1.843
-0.118 -1.751
-0.531 -2.334
0.676 -1.603
-0.825 -2.452
-0.048 -1.331
-0.496 -2.555
0.095 -1.554
0.608 -0.545
-0.910 -2.911
-0.851 -3.597
-0.314 -2.151
0.600 -0.733
0.524 -0.104
-0.457 -1.675
-0.354 -1.807
-0.207 -1.338
-0.520 -2.396
0.172 -0.982
0.540 -0.192
-0.399 -1.852
0.687 -0.329
-0.309 -2.162
0.680 -0.298
-0.736 -1.756
0.099 -1.813
-0.454 -2.277
0.349 -0.920
0.902 -0.197
-0.429 -2.247
-0.089 -1.378
-0.914 -2.937
-0.346 -1.852
-0.206 -1.665
-0.315 -1.640
0.641 -1.060
-0.275 -2.345
0.230 -0.145
0.841 -0.170
-0.817 -2.597
-0.788 -2.895
0.281 -1.805
-0.957 -2.990
0.454 -0.518
0.135 -1.256
-0.939 -2.785
-0.007 -1.098
0.651 0.064
0.109 -1.030
-0.404 -2.479
0.834 -0.941
0.566 -0.850
-0.064 -1.740
0.087 -1.797
0.983 -0.052
-0.024 -1.436
0.000 -2.069
0.112 -1.499
0.688 -1.020
-0.640 -3.355
0.576 -0.029
-0.893 -3.172
-0.428 -2.508
-0.176 -2.170
-0.697 -2.422
-0.204 -2.359
-0.099 -1.284
0.783 0.315
0.198 -1.872
-0.541 -2.005
0.059 -1.811
0.844 -0.509
0.126 -0.647
0.386 -0.676
-0.346 -2.065
0.341 0.059
0.786 -0.458
0.767 0.022
0.230 -0.667
-0.918 -3.247
-0.611 -1.882
-0.990 -2.412
0.222 -1.473
0.053 -2.080
0.908 -0.495
-0.915 -2.383
0.858 -0.094
-0.977 -3.494
0.033 -2.361
0.158 -1.560
-0.261 -1.938
-0.106 -2.439
0.069 -1.376
0.113 -1.944
0.547 -0.526
0.229 -0.405
0.888 -1.050
0.561 -0.673
-0.553 -2.878
0.955 -0.034
-0.739 -2.870
0.666 0.019
-0.594 -1.751
0.118 -1.655
0.551 -0.756
-0.792 -2.903
0.535 -1.204
0.201 -0.517
-0.392 -2.765
0.385 -0.478
0.277 -1.548
0.335 -1.118
-0.309 -1.991
0.216 -2.028
-0.150 -2.288
-0.011 -0.794
-0.157 -2.062
0.887 0.928
0.491 -0.921
0.083 -1.366
0.997 -0.660
0.096 -1.725
0.054 -1.110
-0.601 -1.956
0.017 -1.131
0.532 -1.436
-0.150 -1.546
0.701 -0.380
-0.453 -1.465
-0.288 -1.684
0.407 0.003
0.489 0.738
-0.004 -2.490
0.224 -0.735
-0.061 -1.232
0.534 -0.269
0.730 0.153
0.795 -0.384
-0.703 -2.628
0.458 -0.832
-0.453 -1.925
0.947 -0.365
-0.892 -2.948
0.377 -1.191
-0.386 -1.510
0.150 -0.903
-0.885 -4.165
0.491 -1.448
-0.977 -2.994
-0.304 -1.503
-0.475 -2.210
-0.863 -2.658
-0.047 -1.082
0.526 -0.467
-0.346 -2.428
-0.003 -2.010
-0.699 -2.405
0.367 -1.695
-0.596 -3.173
-0.118 -1.402
0.197 -0.989
-0.496 -1.633
0.559 -0.451
0.496 -0.866
0.255 -1.374
-0.314 -1.607
-0.086 -1.808
0.386 -1.248
0.377 -2.304
0.802 -0.467
0.791 -0.150
0.315 -0.732
-0.039 -1.936
-0.229 -1.706
0.857 0.471
0.144 -1.579
0.342 -1.016
-0.090 -2.172
-0.854 -2.987
0.048 -1.331
-0.876 -2.934
-0.541 -2.127
0.998 -0.521
-0.013 -0.912
0.324 -1.013
-0.095 -1.543
0.732 -0.024
-0.085 -1.574
-0.874 -2.518
-0.212 -2.401
0.227 0.066
-0.433 -1.751
-0.491 -1.593
-0.574 -2.735
0.999 0.111
0.168 -1.509
0.205 -1.099
0.025 -0.598
0.741 0.344
0.893 0.075
-0.332 -1.891
-0.712 -2.070
-0.952 -2.835
0.922 -1.304
0.910 0.132
-0.197 -1.929
-0.256 -1.496
-0.880 -3.392
0.732 -0.868
0.950 -0.215
-0.889 -2.078
0.945 0.613
-0.225 -1.458
0.542 -0.216
-0.415 -1.943
0.184 -0.730
-0.947 -2.461
0.747 0.605
0.132 -1.300
-0.581 -2.944
0.354 -1.291
-0.491 -2.021
0.500 -0.737
0.658 -0.692
0.778 0.347
0.746 -0.128
0.641 -0.061
-0.858 -3.571
0.547 -0.745
0.730 -0.387
-0.111 -1.692
0.408 -0.405
0.497 -1.497
-0.733 -2.885
-0.345 -1.885
-0.513 -3.378
0.219 -1.229
-0.571 -2.627
0.989 0.793
-0.512 -1.651
0.416 -0.281
-0.492 -2.613
0.272 -1.286
-0.617 -2.495
0.242 -1.536
-0.802 -3.375
-0.707 -3.015
-0.509 -2.132
0.692 0.162
-0.989 -2.849
0.029 -1.121
-0.613 -2.205
-0.132 -1.415
0.804 -0.938
0.536 -0.767
0.729 -0.797
-0.167 -2.585
-0.269 -2.856
-0.259 -1.973
-0.296 -2.120
0.637 0.232
-0.515 -2.066
0.235 -0.560
0.666 -0.602
0.596 -0.418
0.825 -0.047
0.772 -0.996
-0.869 -2.776
0.429 -1.294
-0.554 -3.437
0.517 -0.100
-0.566 -2.080
0.211 -0.731
-0.356 -1.339
-0.854 -3.103
-0.238 -2.534
-0.598 -2.328
0.634 -1.097
0.654 -0.304
0.898 0.287
-0.877 -3.025
-0.849 -3.517
0.297 -0.993
0.171 -1.205
-0.563 -2.125
-0.892 -3.435
-0.362 -1.739
-0.897 -2.648
-0.549 -2.215
-0.344 -1.731
0.621 -0.165
-0.960 -2.898
0.316 -0.985
-0.392 -1.694
0.948 -0.216
0.684 -0.651
-0.704 -3.364
0.875 -0.590
0.824 -0.327
-0.078 -2.031
-0.590 -2.040
0.516 -0.354
0.119 -1.491
-0.493 -1.613
0.434 -1.673
0.218 -1.159
-0.523 -2.015
0.472 -0.380
-0.534 -2.323
-0.157 -2.079
-0.002 -0.673
-0.736 -2.731
0.019 -1.385
-0.809 -2.485
-0.643 -3.351
-0.770 -2.346
0.491 -0.928
0.347 -0.772
-0.699 -2.535
-0.670 -2.438
0.219 -0.693
0.701 -0.406
0.217 -1.742
0.033 -0.843
-0.540 -2.942
-0.855 -2.802
0.764 -0.226
-0.786 -2.934
0.683 -0.881
0.417 -1.401
-0.320 -2.510
0.904 0.610
-0.873 -2.248
0.084 -1.587
0.350 -0.879
-0.148 -1.046
0.869 -0.333
-0.828 -2.161
0.555 -0.081
-0.904 -2.126
-0.299 -2.758
0.398 -0.866
0.360 -1.106
0.129 -1.254
0.644 -1.210
-0.098 -1.277
0.740 -0.644
0.714 -0.415
0.301 -1.659
-0.404 -2.385
-0.247 -1.558
-0.513 -2.205
-0.962 -2.992
0.777 0.014
0.002 -1.352
-0.094 -0.784
-0.262 -1.476
-0.752 -2.896
-0.875 -2.843
-0.031 -1.377
-0.223 -1.652
0.058 -1.960
-0.444 -2.687
-0.188 -1.424
0.889 -0.620
0.393 -0.409
-0.585 -2.776
0.930 0.120
0.756 -0.161
0.146 -1.086
-0.660 -2.212
-0.025 -1.499
0.302 -0.786
-0.514 -2.262
0.629 -1.337
-0.429 -2.236
0.054 -1.681
0.047 -1.944
0.252 -0.607
0.202 -1.408
0.655 -0.499
0.876 -0.755
0.314 -1.040
0.353 -1.187
0.784 -0.146
0.424 -1.100
0.868 -0.372
0.344 -0.479
0.309 0.198
-0.243 -2.897
-0.124 -1.403
0.748 -1.205
0.436 -1.022
0.566 -1.834
-0.413 -2.674
0.311 -1.087
0.468 -1.374
0.887 0.164
0.474 -0.473
0.067 -2.016
0.712 -0.134
-0.659 -2.169
0.421 -0.755
-0.596 -2.404
0.911 -0.202
0.316 -0.885
-0.247 -2.315
-0.523 -2.711
0.709 -1.006
0.414 -0.481
-0.443 -0.751
0.523 -0.661
0.252 -1.725
0.666 -0.935
0.243 -1.050
-0.529 -3.231
-0.465 -1.739
-0.022 -1.098
-0.680 -2.856
0.288 -1.707
0.647 -0.600
0.119 -1.553
0.541 -0.337
-0.900 -4.013
0.367 -0.431
-0.891 -1.771
-0.796 -2.279
-0.855 -2.111
-0.201 -1.176
-0.781 -2.241
0.944 -0.363
-0.215 -2.418
-0.146 -1.204
-0.019 -0.823
0.062 -0.495
0.841 -1.245
0.321 -1.328
0.557 -0.891
0.496 -0.883
0.758 -0.465
-0.755 -2.268
0.834 -0.178
0.661 -1.247
-0.258 -1.450
0.362 -0.884
0.585 -0.216
0.520 -0.574
-0.700 -2.216
0.596 -0.543
-0.416 -3.037
0.414 -1.096
0.414 -0.955
-0.422 -2.237
0.878 0.252
-0.601 -3.424
-0.573 -2.146
-0.040 -0.975
0.098 -1.566
-0.736 -2.502
0.138 -1.073
0.957 -0.647
-0.247 -1.569
-0.732 -2.418
-0.830 -2.762
0.054 -2.322
0.904 -1.273
0.130 -1.230
-0.985 -2.808
0.006 -1.113
0.166 -1.344
0.120 -1.893
-0.112 -1.321
-0.211 -2.281
-0.657 -2.266
0.178 -1.643
0.424 -1.098
-0.806 -3.637
-0.348 -2.266
0.828 -0.032
-0.768 -1.953
0.383 -0.337
0.519 -0.761
0.708 -0.498
-0.477 -2.274
-0.976 -2.773
-0.710 -2.689
-0.948 -2.888
0.674 -0.483
0.654 -1.051
-0.501 -1.906
-0.550 -3.050
-0.320 -1.607
-0.461 -2.493
0.561 -0.445
-0.217 -1.573
-0.925 -2.440
0.586 -0.313
-0.452 -2.299
0.571 -0.212
-0.266 -1.794
0.700 -0.501
-0.309 -2.849
0.190 -1.243
-0.277 -2.369
0.788 0.253
-0.140 -1.596
-0.304 -2.338
-0.469 -2.499
-0.392 -1.899
0.689 -0.632
1.000 0.053
-0.807 -2.646
-0.695 -2.980
-0.666 -2.520
-0.518 -2.189
-0.456 -1.605
-0.807 -2.962
0.126 -1.771
0.972 0.308
0.863 -0.479
-0.490 -1.349
0.292 -0.441
-0.150 -2.326
-0.157 -2.253
-0.075 -2.607
-0.373 -1.963
0.434 -0.460
0.746 -0.101
-0.609 -2.094
0.790 -0.403
-0.794 -2.578
0.704 0.190
-0.959 -3.614
0.473 -0.481
0.065 -0.504
0.255 -1.370
-0.808 -2.525
-0.279 -1.885
0.411 -0.598
0.026 -1.289
0.344 -1.361
-0.376 -2.304
-0.978 -3.299
0.645 0.830
-0.373 -2.439
0.431 -1.013
-0.580 -3.068
-0.886 -2.799
-0.735 -1.849
0.490 -0.774
0.264 -1.972
0.700 -1.131
-0.078 -0.856
0.372 -0.582
0.466 -0.573
-0.084 -0.686
-0.672 -2.021
-0.519 -2.760
0.459 -0.290
-0.767 -2.323
-0.643 -2.961
-0.794 -2.638
0.392 -1.010
0.542 -0.945
0.518 -0.346
-0.114 -1.772
-0.983 -2.230
-0.009 -1.164
0.844 -0.199
-0.736 -2.449
0.194 -1.396
-0.435 -2.352
-0.320 -1.932
0.565 -0.343
0.396 -0.090
0.710 -0.783
0.980 -0.380
0.084 -1.541
0.470 -0.719
0.818 -0.876
0.211 -0.416
-0.219 -1.204
0.095 -1.184
-0.371 -2.016
0.109 -0.850
0.720 -0.299
0.114 -1.559
-0.284 -1.952
-0.647 -2.101
0.422 -0.871
-0.201 -1.790
-0.609 -2.674
-0.512 -2.808
-0.658 -1.636
0.269 -0.655
0.145 -2.091
0.763 -0.779
0.506 -0.024
0.853 -0.588
0.559 -0.013
-0.266 -2.456
-0.180 -1.978
0.257 -1.203
-0.144 -1.494
-0.078 -1.699
-0.922 -3.097
-0.560 -1.724
-0.431 -2.185
-0.494 -2.256
0.109 -2.083
0.985 0.643
-0.532 -2.143
-0.906 -3.079